(theory (("fVinst" "1678430745" "301441") ("fm" "1678430689" "885370"))
 (core-data
  (tables
   (string-table "min" "fun" "bool" "list" "string" "char" "num"
    "finite_map" "fmap" "tm" "term" "fm" "form" "pair" "prod" "sort" "!"
    "arithmetic" "+" "," "-" "/\\" "prim_rec" "<" "<=" "=" "==>" "?"
    "pred_set" "BIGUNION" "Bound" "COND" "rich_list" "COUNT_LIST"
    "DRESTRICT" "EMPTY" "EQ" "FALLL" "FAPPLY" "FDOM" "FMAP_MAP" "FST"
    "FUN_FMAP" "GSPEC" "IMAGE" "IN" "INSERT" "INTER" "LENGTH" "LIST_TO_SET"
    "fVinst" "Leq" "MAP" "REVERSE" "Req" "SND" "SUBSET" "UNCURRY" "UNION"
    "Var" "bmap_eff" "bmap_equiv" "count" "dest_eq" "fVar" "fVars"
    "fVmap_eff" "fVmap_rename" "fVslfv" "fabs" "fbounds" "ffv" "fprpl"
    "frename" "fsymin" "fsymout" "isfsym" "mk_bmap" "combin" "o" "ofFMAP"
    "ok_abs" "sbounds" "sfv" "shift_bmap" "shift_bmap'" "slbounds" "slprpl"
    "sprpl" "sshift" "tbounds" "tfv" "tprpl" "tshift" "wff" "wffVmap" "~"
    "shift_bmap'_def" "bmap_eff_def" "bmap_equiv_def" "fVmap_rename_def"
    "fVmap_eff_def" "Leq_def" "Req_def" "slprpl_id" "ok_abs_slprpl_fix"
    "tprpl_FMAP_MAP_tprpl" "FDOM_shift_bmap'" "FAPPLY_shift_bmap'"
    "tprpl_shift_bmap_shift_bmap'" "tprpl_shift_bmap'_tshift"
    "shift_bmap'_FMAP_MAP" "shift_bmap_shift_bmap'_bmap_eff"
    "bmap_eff_tprpl" "bmap_eff_shift_bmap" "shift_bmap_equiv"
    "bmap_eff_slprpl" "bmap_eff_fprpl" "shift_bmap_shift_bmap'_equiv"
    "fprpl_FMAP_MAP" "fVinst_id" "FDOM_fVmap_rename" "FAPPLY_fVmap_rename"
    "fVinst_fabs" "ok_abs_slprpl" "fVar_prpl_eq_lemma" "fVar_prpl_fabs1"
    "ofFMAP_EMPTY" "ofFMAP_UNION" "ofFMAP_Sing" "ofFMAP_FDOM"
    "ofFMAP_Sing_EMPTY" "ffv_fVinst" "sbounds_frename_EMPTY" "fVars_fabs"
    "fVmap_no_bound_lemma" "wffVmap_fVmap_rename" "wffVmap_no_vbound"
    "fVars_DRESTRICT_fVinst_eq0" "fVars_DRESTRICT_fVinst_eq1"
    "fVars_DRESTRICT_fVinst_eq" "fVars_fprpl" "fVars_fVinst" "fVinst_EQ"
    "wff_fVinst" "sat" "numeral" "ind_type" "relation" "sum")
   (id-table (0 . 1) (0 . 2) (3 . 3) (4 . 5) (6 . 6) (7 . 8) (9 . 10)
    (11 . 12) (13 . 14) (9 . 15) (2 . 16) (17 . 18) (13 . 19) (17 . 20)
    (2 . 21) (22 . 23) (17 . 24) (0 . 25) (0 . 26) (2 . 27) (28 . 29)
    (9 . 30) (2 . 31) (32 . 33) (7 . 34) (28 . 35) (11 . 36) (11 . 37)
    (7 . 38) (7 . 39) (9 . 40) (13 . 41) (7 . 42) (28 . 43) (28 . 44)
    (2 . 45) (28 . 46) (28 . 47) (3 . 48) (3 . 49) (50 . 51) (3 . 52)
    (3 . 53) (50 . 54) (13 . 55) (28 . 56) (13 . 57) (28 . 58) (9 . 59)
    (50 . 60) (50 . 61) (28 . 62) (11 . 63) (11 . 64) (11 . 65) (11 . 50)
    (50 . 66) (50 . 67) (11 . 68) (11 . 69) (11 . 70) (11 . 71) (11 . 72)
    (11 . 73) (9 . 74) (9 . 75) (9 . 76) (9 . 77) (78 . 79) (11 . 80)
    (9 . 81) (9 . 82) (9 . 83) (9 . 84) (50 . 85) (9 . 86) (9 . 87)
    (9 . 88) (9 . 89) (9 . 90) (9 . 91) (9 . 92) (9 . 93) (11 . 94)
    (11 . 95) (2 . 96))
   (type-table (1) "'c" (0 1 0) "'a" (3) (2 4) (4) (6) (5 6 7) (7) (0 3 0)
    "'b" (0 11 10) (0 11 2) (5 1 11) (9) (2 15) (8 5 16) (2 7) (0 17 0)
    (8 5 15) (0 5 0) (2 20) (5 5 22) (8 23 21) (8 15 22) (5 5 25) (8 26 24)
    (5 17 9) (5 3 11) (8 3 11) (5 30 9) (8 3 16) (5 32 9) (0 10 0) (0 8 0)
    (0 35 0) (0 31 0) (0 37 0) (0 28 0) (0 39 0) (0 9 0) (0 41 0) (0 19 0)
    (0 43 0) (0 21 0) (0 16 0) (0 46 0) (0 6 0) (0 48 0) (0 20 0) (0 50 0)
    (0 15 0) (0 52 0) (0 7 0) (0 54 0) (0 6 6) (0 6 56) (0 11 30) (0 3 58)
    (0 16 32) (0 3 60) (0 21 24) (0 23 62) (0 24 27) (0 26 64) (8 50 0)
    (0 0 66) (0 50 67) (0 16 17) (0 5 69) (0 15 20) (0 5 71) (0 0 0)
    (0 0 73) (0 6 48) (0 8 35) (0 31 37) (0 9 41) (0 10 34) (0 2 0)
    (0 2 80) (0 9 7) (0 82 0) (0 82 83) (0 48 49) (0 30 0) (0 86 0)
    (0 86 87) (0 19 43) (0 50 51) (0 5 21) (0 16 46) (0 18 0) (0 18 93)
    (0 15 52) (0 7 54) (0 51 50) (0 6 7) (0 9 9) (0 9 99) (0 0 100) (0 7 7)
    (0 7 102) (0 0 103) (2 6) (0 6 105) (0 19 28) (0 28 107) (0 7 9)
    (0 7 109) (0 16 99) (0 3 11) (0 29 112) (0 8 98) (0 30 9) (0 31 115)
    (0 32 9) (0 33 117) (0 17 9) (0 28 119) (0 29 10) (0 14 2) (0 8 48)
    (0 31 86) (0 32 0) (0 33 125) (0 28 19) (0 8 8) (0 102 128) (8 7 7)
    (0 130 7) (0 48 8) (0 98 132) (0 86 31) (0 115 134) (0 20 66)
    (0 136 51) (0 48 48) (0 56 138) (0 3 34) (0 6 49) (0 30 87) (0 125 0)
    (0 32 143) (0 17 43) (0 20 51) (0 15 53) (0 10 10) (0 3 148) (0 2 2)
    (0 2 150) (0 19 19) (0 19 152) (0 16 6) (0 18 6) (0 22 50) (0 16 52)
    (0 105 18) (0 98 158) (0 105 105) (0 18 18) (0 11 9) (0 3 162)
    (0 163 115) (0 15 66) (0 5 165) (0 166 136) (0 10 148) (0 48 138)
    (0 50 50) (0 50 170) (0 15 7) (0 5 172) (0 9 130) (0 18 9) (0 16 175)
    (0 5 176) (0 9 19) (0 28 99) (0 31 31) (0 5 180) (0 20 181) (0 28 28)
    (0 5 183) (0 20 184) (0 9 50) (0 6 99) (0 20 187) (0 9 48) (0 8 99)
    (0 5 99) (0 20 191) (0 5 22) (0 26 193) (0 5 15) (0 26 195) (0 26 21)
    (0 18 8) (0 174 82) (0 131 199) (0 98 98) (0 102 201) (0 2 10)
    (0 14 203) (0 12 204) (0 10 2) (0 29 206) (0 13 207) (0 28 152)
    (0 178 209) (0 19 50) (0 28 211) (0 186 212) (0 15 48) (0 15 50)
    (0 6 128) (0 16 48) (0 16 16) (0 8 218) (0 15 15) (0 8 220) (0 6 220)
    (0 7 48) (0 7 50) (0 8 102) (0 6 102) (0 27 41) (0 27 39) (0 5 37)
    (0 20 229) (0 127 0) (0 231 0) (0 230 0) (0 233 0))
   (term-table ("A" 2) ("P" 3) ("P" 5) ("a" 6) ("bmap" 8) ("bmap0" 8)
    ("bmap1" 8) ("bmap2" 8) ("f" 9) ("f" 12) ("f" 13) ("f1" 12) ("f2" 14)
    ("fsym" 5) ("fv" 17) ("i" 6) ("l" 16) ("l0" 18) ("n" 5) ("n" 6)
    ("n0" 5) ("n1" 5) ("nn" 5) ("s" 19) ("s" 15) ("s0" 15) ("s1" 2)
    ("s1" 15) ("s2" 2) ("sl" 11) ("sl" 16) ("st" 15) ("t1" 7) ("t2" 7)
    ("tm" 7) ("v" 20) ("x" 3) ("x" 6) ("\206\163" 27) ("\206\163e" 21)
    ("\206\163f" 26) ("\206\163p" 23) ("\206\163p" 24) ("\206\181" 28)
    ("\207\131" 29) ("\207\131" 14) ("\207\131" 31) ("\207\131" 33)
    ("\207\131" 28) ("\207\1311" 28) ("\207\1312" 28) (10 34) (10 36)
    (10 38) (10 40) (10 42) (10 44) (10 45) (10 47) (10 49) (10 43) (10 51)
    (10 53) (10 55) (11 57) (12 59) (12 61) (12 63) (12 65) (12 68) (12 70)
    (12 72) (13 57) (14 74) (15 75) (16 75) (17 74) (17 76) (17 77) (17 78)
    (17 79) (17 81) (17 84) (17 85) (17 88) (17 89) (17 90) (17 91) (17 92)
    (17 94) (17 75) (17 95) (17 96) (18 74) (19 49) (20 97) (21 98)
    (22 101) (22 104) (23 106) (24 108) (25 10) (25 2) (25 48) (25 19)
    (26 110) (27 111) (28 113) (28 114) (28 116) (28 118) (28 120) (29 121)
    (29 122) (29 123) (29 124) (29 126) (29 127) (30 129) (31 131) (32 133)
    (32 135) (33 137) (34 139) (35 140) (35 141) (35 142) (35 144) (35 145)
    (35 146) (35 147) (36 149) (37 151) (37 153) (38 154) (38 155) (39 156)
    (39 157) (40 82) (41 159) (42 160) (42 161) (43 82) (44 131) (45 85)
    (45 89) (45 90) (46 164) (46 167) (47 168) (47 151) (47 169) (47 153)
    (47 171) (48 173) (49 114) (50 76) (51 75) (52 174) (53 177) (54 178)
    (55 179) (56 120) (57 182) (57 185) (58 186) (59 188) (60 189) (61 186)
    (62 190) (63 192) (64 194) (65 196) (66 197) (67 198) (68 200) (68 202)
    (69 205) (69 208) (69 210) (69 213) (70 46) (71 214) (72 215) (73 216)
    (74 216) (75 217) (76 219) (77 221) (78 222) (79 223) (80 224) (81 225)
    (82 226) (83 227) (84 228) (85 73) ("P" 127) ("P" 230) ("p" 17)
    ("p" 20) ("p_1" 5) ("p_2" 16) ("p_2" 15) (10 232) (10 234))) exports
  (nil) (nil)
  ((97 (((50 692)))
    ("%15%4$1$0B185%19$2$0B75$2$1$0$2B72B108B193B98$0U96@|$1U157$1U64$0U114B123B151B120B77|U52|U59"))
   (98 (((50 698)))
    ("%4%15$1$0B155$0$1U114B125$1$0B108B98$0U96@B92|U59|U52"))
   (99 (((50 700))) ("%6%7$1$0B156%15$2$0B155$1$0B155B92|U59B76|U52|U52"))
   (100 (((50 708) (13 17)) "DISK_THM")
    ("%18%24%22%46$3$2B71$1B163$0@%1%29$5$4B71$3B170$2$1$0B65B109@||U147$0U115B121B78|U53|U57|U62|U57"))
   (101 (((50 713) (13 17)) "DISK_THM")
    ("%48%2%30$2$1$0B70B162$1$0B70$2U117B128$2$1$0B70B111B97$1$0B159%96$0U134U99U140B139@2B79|U58|U57|U54"))
   (102 (((50 737))) ("%138%119%158B175B82"))
   (103 (((50 738))) ("%142%143%158B175B82"))
   (104
    (((50 689) (17 27)
      (2 25 26 27 29 50 51 52 54 56 58 63 72 95 96 101 105 125 171) (3 126)
      (28 3 18 73 190) (145 1 3 5 7 17 18) (9 298 337 340 349 352))
     "DISK_THM") ("%16$0U186%103B83%4$0$1B187$1B88|U52B93|U58"))
   (105
    (((50 690) (17 25 26 27 28 44 49 81 103 191 198)
      (2 25 26 27 29 35 51 52 54 58 63 72 96 104 105 125 171) (146 3 8)
      (28 3 18 28 347) (9 179 298)) "DISK_THM")
    ("%16U181%16U186%103B83B93"))
   (106
    (((50 691) (17 25 26 28 49 62 81 103 191)
      (2 14 15 25 26 27 29 30 35 46 47 50 52 54 55 56 58 60 63 64 72 76 77
       78 80 84 95 101 104 105 125 130 133 134 139 149 186) (78 8 20)
      (147 33 34 37 38 39 40) (3 7 52 73 75 124 169 172 599) (146 3 5 8)
      (13 3 5 8 9 17 51) (28 6 28 39 66 135 377) (22 44 45)
      (148 114 126 134 139) (145 1 3 5 6 7 11 12 13 14 15 17 18)
      (149 12 20 21 63)
      (9 1 3 5 6 7 8 9 10 11 12 13 14 15 16 17 18 19 20 21 41 60 317 318
       319 325 326)) "DISK_THM")
    ("%34%5%4$2U190$1U114B144$0U192$1B118$2B192$0$1$2B192B192B92B93|U52|U52|U63%31%5%4$2U182$1U114B144$0U192$1B118$2B188$0$1$2B188B188B91B93|U52|U52|U62B73"))
   (107
    (((50 693) (2 25 50 56 63) (50 692) (7 24 134) (28 289 298 352))
     "DISK_THM") ("%15%4B185U114%15U157%15U64%4U114B123B151B83"))
   (108
    (((50 694) (17 25 26 28 44 49 56 81 103 143 190 191 198)
      (2 14 15 25 26 27 30 35 36 50 51 52 54 56 58 60 63 96 101 104 105 125
       130 133 134 139 149 186) (50 692) (7 24 131) (147 33 34 37 38 39 40)
      (3 52 599) (146 3 8) (13 8 9) (28 60 190 192 289 298 347 352)
      (149 20 21) (9 1 3 5 6 7 8 9 10 11 12 13 14 15 16 17)) "DISK_THM")
    ("%37$0%4U114B125%15%4B185%15$0B64B108%15%4$0B108B193B92B93%37$0%15B74%15%4B185$0B108$0U96B92B93|U59B73|U59"))
   (109
    (((50 695) (17 25 26 28 44 49 62 81 103 191 198)
      (2 14 15 25 26 27 29 30 35 46 47 50 51 52 54 56 58 60 63 64 72 76 77
       78 80 96 104 105 125 130 133 134 139 186) (78 20) (50 693 694)
      (147 33 34 37 38 39 40) (3 7 52 73 124 169 172 599) (146 3 5 8)
      (13 5 8 9 17 51) (28 60 190 347) (22 44 45) (148 114 126 134 139)
      (145 1 3 5 6 7 11 12 13 14 15) (149 12 20 21 63)
      (9 1 3 5 6 7 8 9 10 11 12 13 14 15 16 17 18 19 20 21 41 317 318 319
       349 350)) "DISK_THM")
    ("%34%15%4$1$0B184$2B192$1$0B185$2B192B92|U52|U59|U63%31%15%4$1$0B184$2B188$1$0B185$2B188B91|U52|U59|U62B73"))
   (110
    (((50 696) (17 25 26 27 28 44 49 62 81 101 103 190 191 195 198)
      (2 14 15 25 26 27 29 30 35 42 46 47 50 51 52 54 56 58 60 63 64 72 76
       77 78 80 95 96 101 104 105 125 130 133 134 139 186) (78 8 20)
      (50 693 694) (147 33 34 37 38 39 40) (3 7 52 73 75 124 169 172 599)
      (146 3 5 8) (13 5 8 9 17 51) (28 60 190 347) (22 44 45)
      (148 114 126 134 139) (145 1 3 5 6 7 11 12 13 14 15)
      (149 12 20 21 63)
      (9 1 3 5 6 7 8 9 10 11 12 13 14 15 16 17 18 19 20 21 41 180 181 182
       317 318 319)) "DISK_THM")
    ("%34%19%4$1$0B185$1$2B193B192$1$0$2B192B193B92|U52|U59|U63%31%19%4$1$0B185$1$2B189B188$1$0$2B188B189B91|U52|U59|U62B73"))
   (111
    (((50 697) (17 25 26 28 44 49 62 81 103 190 191 198)
      (2 14 15 25 26 27 30 35 36 46 47 50 51 52 54 56 58 60 63 72 76 77 78
       80 96 101 104 105 125 130 133 134 139 149 186) (78 20)
      (50 693 694 696) (7 35) (147 33 34 37 38 39 40)
      (3 7 52 124 169 172 599) (146 3 5 8) (13 5 8 9 17 51)
      (28 60 190 192 347) (22 44 45) (148 114 126 134 139)
      (145 1 3 5 6 7 11 12 13 14 15) (149 12 20 21 63)
      (9 1 3 5 6 7 8 9 10 11 12 13 14 15 16 17 18 19 20 21 317 318 319 325
       326)) "DISK_THM")
    ("%19%4%5$2$1B185U192$2$0B185B118$2$1U192$0B118B185B77|U52|U52|U59"))
   (112
    (((50 699) (17 25 26 28 44 49 81 103 191 198)
      (2 14 15 25 26 27 29 30 35 50 51 52 54 56 58 60 63 64 96 104 105 125
       130 133 134 139 186) (50 693 694 698) (147 33 34 37 38 39 40)
      (3 52 599) (146 3 8) (13 8 9) (28 60 190 347) (149 20 21)
      (9 1 3 5 6 7 8 9 10 11 12 13 14 15 16 17 349 350)) "DISK_THM")
    ("%19%15%4$2$0B184$1B155$2$0B185$1B155B92|U52|U59|U59"))
   (113
    (((50 701) (17 25 26 28 49 62 81 103 191)
      (2 14 15 25 26 30 35 46 47 50 52 54 56 58 60 63 72 76 77 78 80 104
       105 125 133 134 139 186) (78 20) (50 698 700)
      (147 33 34 37 38 39 40) (3 7 52 73 124 169 172 599) (146 3 5 8)
      (13 5 8 9 17 51) (22 44 45) (148 114 126 134 139)
      (145 1 3 5 6 7 11 12 13 14 15) (149 12 20 21 63)
      (9 1 3 5 6 7 8 9 10 11 12 13 14 15 16 17 18 19 20 21 41 317 318 319))
     "DISK_THM")
    ("%34%6%7$1$0B156$1$2B192$0$2B192B92B93|U52|U52|U63%31%6%7$1$0B156$1$2B188$0$2B188B91B93|U52|U52|U62B73"))
   (114
    (((50 702) (17 27 101 143)
      (2 14 15 25 26 27 29 30 35 50 52 56 58 60 63 64 72 95 96 101 105 125
       130 133 134 139 186) (50 698) (147 33 34 37 38 39 40) (3 52 599)
      (13 8 9) (28 190) (149 20 21)
      (9 1 3 5 6 7 8 9 10 11 12 13 14 15 16 17 349 350)) "DISK_THM")
    ("%19%4B184%15B155%3%15%19$0B64B90$0%4U114B125B73|U94%19%4%15%19B72B108B193B98%15U96@B92"))
   (115
    (((50 703) (17 25 26 27 28 49 62 81 101 103 143 191)
      (2 14 15 25 26 27 29 30 35 36 46 47 50 52 54 56 58 60 63 72 76 77 78
       80 104 105 125 130 133 134 139 145 149 186) (78 20) (50 698 700 702)
      (147 33 34 37 38 39 40) (3 7 52 124 169 172 599) (146 3 5 8)
      (13 5 8 9 17 51) (22 44 45) (148 114 126 134 139)
      (145 1 3 5 6 7 11 12 13 14 15) (149 12 20 21 63)
      (9 1 3 5 6 7 8 9 10 11 12 13 14 15 16 17 18 19 20 21 180 181 182))
     "DISK_THM") ("%6%7B156%19$0%6B184$0%7B184B156|U59B93"))
   (116
    (((50 704) (2 25 50 52 56 58 63 105 125) (50 701 703) (3 126)
      (9 337 340)) "DISK_THM")
    ("%30%6%7$1$0B156$1$2B187$0$2B187B88B93|U52|U52|U58"))
   (117
    (((50 705)
      (2 14 25 26 30 35 50 52 54 56 58 63 74 75 105 125 133 134 139 186)
      (50 701 703) (11 459 460 461 462 463 464 465 466 467 468 469 515)
      (147 33 34) (3 73) (13 8 9) (145 1 3 5 6 7 11 13 14 15 17 18))
     "DISK_THM") ("%8%6%7$1$0B156$1$2B169$0$2B169B79B93|U52|U52|U55"))
   (118 (((50 706) (2 25 35 56) (50 699 700)) "DISK_THM")
    ("%19%4B185%19%4B184B156"))
   (119
    (((50 707) (17 27 29 44 49 62 74 81 103 190 191 195 198 456)
      (2 14 25 26 27 29 30 35 36 50 51 52 54 55 56 58 63 75 84 93 95 96 101
       104 105 107 125 133 134 139 145 147 171 183 186) (78 8)
      (50 691 693 697 705 706)
      (11 459 460 461 462 463 464 465 466 467 468 469 488 515) (147 33 34)
      (3 73 75) (146 3 8) (13 3 8 9)
      (28 3 6 18 28 39 60 66 118 143 190 347 377) (22 1 3)
      (145 1 3 5 6 7 11 12 13 14 15 17 18 19 20 23)) "DISK_THM")
    ("%8%4%5$2U167$0U114B144$1U192$0B118$2B169$1$0$2B169B169B79B93|U52|U52|U55"))
   (120
    (((50 709)
      (2 6 14 25 26 27 29 30 35 50 51 52 54 56 58 63 64 95 96 99 101 105
       125 133 134 139 147 186)
      (11 459 460 461 462 463 464 465 466 467 468 469 489 516) (147 33 34)
      (13 8 9) (28 3 18 60 73 83 118) (145 1 3 5 6 7 11 12 13 15 17 18))
     "DISK_THM") ("%8%43$0U117$1U160B133%104B85$0$1B161$1B79B93|U54|U55"))
   (121 (((50 710) (2 25 56 63) (50 708) (7 24 134)) "DISK_THM")
    ("%18%24B71%22B163%46@U115%46U115B84"))
   (122
    (((50 711) (2 25 50 52 56 58 63 105 125) (50 708) (7 24 131) (13 17))
     "DISK_THM")
    ("%1%29B65%46U115B126%18%24B71%22B163%46@%1%29B65B109%18%24B71%22B170%46%1%29B65B109@B79B93"))
   (123
    (((50 712) (17 25 26 28 44 49 62 76 81 103 190 191 198 213 296)
      (2 2 14 15 25 26 27 29 30 35 42 46 47 50 51 52 54 55 56 58 63 64 72
       73 74 75 83 84 93 95 96 99 100 101 104 105 125 133 134 139 145 147
       171 183 186) (78 8) (50 710 711)
      (11 459 460 461 462 463 464 465 466 467 468 469 483 484 489 516 538
       597 623 650) (147 33 34) (3 73 75 102 194 202 359) (146 3 8)
      (13 3 4 8 9) (28 6 18 28 60 73 118 143 347 377) (32 129)
      (145 1 3 5 6 7 11 12 13 14 15 17 18) (9 172 236 302 322 323 348))
     "DISK_THM")
    ("%8%15%21%27$1$0B71$3U168B129%18%24B71$0U183B129U196B93|U62|U57%18%24B71$1U165B129U196%2%30$1$0B70$3U160%48U117B133B128%22%24B71%48$1$0B70B111U168B129U196%31$0$1U137B130%18%24B71$0U183B129U196%22%24B71$0U183B129U196B73B93|U62B73B93|U58|U57%22%24B71$1U168B129U196%22%18B87U196B73B73B73B73%48%18%24B71$0B166$1@B161%22%24B71%18B170%18%24B71$0B166%18%24B71%22B164%48@$1B161@2B79B93|U59|U55"))
   (124
    (((50 714) (17 25 26 28 44 49 81 103 191 198)
      (2 25 26 27 35 50 52 54 56 58 63 71 72 92 95 96 101 104 105 125 171)
      (3 126) (146 3 8) (28 3 18 28 73 190 347) (9 179 337 340 349 352))
     "DISK_THM") ("%16%4$1U181$0$1B187$1B88B93|U52|U58"))
   (125
    (((50 715) (17 25 26 28 44 49 62 76 81 103 190 191 195 198 213 218 296)
      (2 14 15 25 26 30 35 42 46 47 50 51 52 54 55 56 58 60 63 72 76 77 78
       80 93 96 101 104 105 125 130 133 134 139 149 186) (78 8 20)
      (147 33 34 37 38 39 40)
      (3 7 52 69 76 124 126 169 172 194 202 359 599) (146 3 5 8)
      (13 5 8 9 17 51) (28 347) (22 44 45) (148 114 126 134 139)
      (32 308 309 310) (145 1 3 5 6 7 11 12 13 14 15 17 18 19 20 23)
      (149 12 20 21 63)
      (9 1 3 5 6 7 8 9 10 11 12 13 14 15 16 17 18 19 20 21 317 318 319 322
       323)) "DISK_THM")
    ("%17U141U174U192%96B176%17U135U99U140B139%17B89"))
   (126
    (((50 716)
      (2 2 14 15 25 26 27 29 30 35 50 51 52 54 56 58 63 64 93 95 96 99 100
       101 105 125 133 134 139 147 149 186)
      (11 459 460 461 462 463 464 465 466 467 468 469 483 484 489 516 538
       573) (147 33 34) (13 3 4 8 9) (28 6 18 60 73 118 377) (32 129)
      (145 1 3 5 6 7 11 12 13 14 15 17 18) (9 348)) "DISK_THM")
    ("%8%15%48%21%27$1$0B71$4U168B129%18%24B71$0U183B129U196B93|U62|U57%18%24B71$2U165B129U196%2%30$1$0B70$2U117$4U160B133B128%18%24B71$2$1$0B70B111U168B129U196B93|U58|U57B73B73$0%18%24B71$1B166$2@B161%18%24B71$1B166$0$2B161@B79B93|U54|U59|U55"))
   (127
    (((50 717) (2 25 26 27 36 50 56 58 63) (11 491) (13 3)
      (28 3 6 18 73 381)) "DISK_THM") ("%11%12B177%102@%101B80"))
   (128
    (((50 718) (2 2 15 25 26 52 54 58 63 73 84 99 100) (11 491) (13 3)
      (28 3 6 60 73 377) (145 1 3 5 6 7 11 12 13 15 17 18)) "DISK_THM")
    ("%9%45B177%26%28B150@%9%45B177%26@%9%45B177%28@B149B80"))
   (129
    (((50 719) (2 25 26 27 35 50 51 52 56 58 63 105 125 145 171) (11 491)
      (13 3) (28 3 6 18 73 118 377)) "DISK_THM")
    ("%36%44U112B124%10%44B178%36%101B131@%44%36B107U10B81B93"))
   (130
    (((50 720) (2 25 26 51 52 54 58 63 145 171 183) (11 491) (13 3)
      (28 3 6 73 377) (145 1 3 5 6 7 11 12 13 14 15 17 18)) "DISK_THM")
    ("%9%45B177%45U113%0B132@%9%45B177%0@B80"))
   (131
    (((50 721) (2 25 26 27 35 36 50 51 52 54 58 63 105 125 145 171)
      (11 491) (13 3) (28 3 6 18 73 118 377)) "DISK_THM")
    ("%36%44U112B124U196%10%44B178%36%101B131@%102B81B93"))
   (132
    (((50 722) (17 25 26 28 44 49 62 76 81 103 190 191 198 213 296)
      (2 2 14 15 25 26 27 29 35 42 46 47 50 51 52 54 55 56 58 63 64 73 74
       75 83 84 93 95 96 99 100 101 104 105 125 133 134 139 147)
      (50 717 718 719 720 721)
      (11 459 460 461 462 463 464 465 466 467 468 469 483 489 516 574)
      (3 194 202 359) (146 3 8) (13 3 4)
      (28 3 6 18 28 60 63 68 73 83 85 118 347 377 398)
      (145 1 3 5 6 7 11 12 13 14 15 17 18 19 20 23) (9 322 323))
     "DISK_THM")
    ("%8%48%2%30%18%24$3$2B70$4U117$5U160B133B128$1$0B71$4$3$2B70B111U168B129$0U182%103B83B93B93|U62|U57|U58|U57$1U168$0$1B161U168B153$1U168%168$0B180$0U117$1U160B133@B153B86B93|U54|U55"))
   (133
    (((50 723)
      (2 2 15 25 26 27 29 35 50 51 52 54 55 58 63 71 74 75 83 84 100 105
       106 125 145 171 183) (78 8) (11 656) (13 5 9)
      (28 3 18 19 118 190 200 377 382)
      (145 1 3 5 6 7 11 12 13 14 15 17 18 19 20 23)) "DISK_THM")
    ("%18%24$1$0B71%8U168B129$0U182%103B83B93|U62|U57%18%24$1$0B71%20%25B71%22B170%8@U168B129$0U182%103B83B93|U62|U57B93"))
   (134
    (((50 724) (2 14 25 26 35 50 52 56 63 133 134 139)
      (11 459 460 461 462 463 464 465 466 467 468 469 484 489) (13 4)
      (28 181)) "DISK_THM")
    ("%8%35%15$1$0B166$2@U160$2U160B85|U59|U61|U55"))
   (135
    (((50 725) (2 25 52 54 58 63 83) (11 587)
      (145 1 3 5 6 7 11 13 14 15 17 18)) "DISK_THM")
    ("%1%30$1$0B66%47U116B127%40%42B68$0%47$1$0B66B110B106B194B93|U58|U51%1%30%18%24$3$2B66%47U116B127$1$0B71%47$3$2B66B110U168B129$0U182%103B83B93B93|U62|U57|U58|U51B93"))
   (136
    (((50 726) (2 25 35 50 52 54 55 58 63 105 125) (50 710 711)
      (11 518 597 642 653) (145 1 3 5 6 7 11 12 13 14 15 17 18 19 20 23)
      (9 42 172)) "DISK_THM")
    ("%13%40$0B173%40$0B172U183%18%24$1$0B154U191$1$0B71%40$2B171U136B129B69||U148U122U95B146B93|U57%40%41%39B67B68%48B195%2%30%25$2$1B70%48U117B128$0$1U137B130B73%18%24B71$0U183B129U196B93|U62|U58|U57B73B73%40%41%39B67B68%18%24B71%22B164%48@B195B93"))
   (137
    (((50 727) (2 25 26 46 47 52 54 58 63) (11 518 587) (13 5)
      (145 1 3 5 6 7 11 13 14 15 17 18)) "DISK_THM")
    ("%48%38$0B195%2%30$1$0B70$2U117B128%18%24$1$0B71$4$3$2B70B111U168B129$0U182%103B83B93|U62|U57B93|U58|U57B93|U54"))
   (138
    (((50 728)
      (2 2 14 15 25 26 27 29 30 35 50 51 52 54 55 56 58 63 64 93 95 99 100
       101 105 125 130 133 134 139 147 186)
      (11 459 460 461 462 463 464 465 466 467 468 469 489 516) (147 33 34)
      (13 8 9) (28 3 18 60 73 83 118) (145 1 3 5 6 7 11 12 13 14 15 17 18))
     "DISK_THM")
    ("%8%49%50$1U117$2U160B133$0U117$2U160B133B85%14$0$2U117$3U160B133B128$2$0B111$1$0B111B79B93|U60B73$1$2B161$0$2B161B79B93|U54|U54|U55"))
   (139
    (((50 729) (2 25 26 27 29 47 50 52 54 56 58 63 64 105 125 130) (50 728)
      (7 45) (28 3 28 73) (145 1 3 5 6 7 11 13 14 15 17 18)) "DISK_THM")
    ("%8%48%23$2U160$0B145$1$2B161$1$0B100$2B161B79B93|U56|U54|U55"))
   (140
    (((50 730) (2 26 27 35 47 50 52 56 58 63 105 125 130 149) (50 728)
      (7 45) (28 3 73)) "DISK_THM")
    ("%8%48$0$1U160B100$1B161$0$1B161B79|U54|U55"))
   (141
    (((50 731) (2 14 25 26 35 50 52 56 63 133 134 139)
      (11 459 460 461 462 463 464 465 466 467 468 469 489 515) (13 4)
      (28 181)) "DISK_THM") ("%8%4$0$1B169U160$1U160B85|U52|U55"))
   (142
    (((50 732) (2 14 25 26 27 29 35 50 52 54 56 63 64 99 100 133 134 139)
      (50 717 718 719 721 731)
      (11 459 460 461 462 463 464 465 466 467 468 469 489 516) (13 4)
      (28 3 60 63 68 181) (145 1 3 5 6 7 11 12 13 14 15 17 18)) "DISK_THM")
    ("%8%48$1U160$0$1B161U160B152$1U160%160$0B179$1U160@B152B85|U54|U55"))
   (143
    (((50 733) (2 14 25 26 30 50 52 54 56 63 105 133 134 139 186)
      (11 459 460 461 462 463 464 465 466 467 468 469 499 516) (147 33 34)
      (3 606) (146 3 7) (13 8 9) (4 3)) "DISK_THM")
    ("%48%32%33B105B161%32%33B105B79"))
   (144
    (((50 734)
      (2 2 14 15 25 26 27 29 30 35 46 47 50 51 52 54 55 56 58 63 72 73 74
       75 83 84 93 95 96 99 100 101 105 106 125 130 133 134 139 145 147 149
       171 183 186) (78 1 3 5 8 20)
      (50 710 711 712 722 724 726 727 730 732 733) (7 24 45)
      (11 459 460 461 462 463 464 465 466 467 468 469 485 486 491 495 504
       507 516 518 528 539 575 585 597 623 642 652 657) (147 33 34) (3 277)
      (13 3 4 5 7 8 9 17)
      (28 3 6 18 28 60 73 78 118 190 289 291 296 298 377 391 417 423 428)
      (145 1 3 5 6 7 11 12 13 14 15 17 18 19 20 23) (9 42 247 257))
     "DISK_THM")
    ("%13%40$0B173%40$0B172U183%18%24$1$0B154U191$1$0B71%40$2B171U136B129B69||U148U122U95B146B93|U57%8%40%41%39B67B68$0B194%48%40%41%39B67B68$0B195%40%41%39B67B68$0$1B161B194B93|U54B93|U55B93"))))
 (incorporate (incorporate-types) incorporate-consts ("shift_bmap'" . 216)
  ("fVmap_rename" . 182) ("fVmap_eff" . 120) ("bmap_equiv" . 76)
  ("bmap_eff" . 114) ("Req" . 82) ("Leq" . 82))
 (thm-classes nil (98 99 100 101 102 103 104)
  (105 106 107 108 109 110 111 112 113 114 115 116 117 118 119 120 121 122
   123 124 125 126 127 128 129 130 131 132 133 134 135 136 137 138 139 140
   141 142 143 144 145))
 (loadable-thydata
  ("userdef.deltas" (tag-knm 50 . 97) (tag-knm 50 . 97) (tag-knm 50 . 98)
   (tag-knm 50 . 98) (tag-knm 50 . 99) (tag-knm 50 . 99) (tag-knm 50 . 100)
   (tag-knm 50 . 100) (tag-knm 50 . 101) (tag-knm 50 . 101)
   (tag-knm 50 . 102) (tag-knm 50 . 102) (tag-knm 50 . 103)
   (tag-knm 50 . 103))
  ("grammardelta" (OO "shift_bmap'" (tag-tm . "%185"))
   (OO "bmap_eff" (tag-tm . "%155")) (OO "bmap_equiv" (tag-tm . "%156"))
   (OO "fVmap_rename" (tag-tm . "%163")) (OO "fVmap_eff" (tag-tm . "%162"))
   (OO "Leq" (tag-tm . "%138")) (OO "Req" (tag-tm . "%142")))
  ("compute" (tag-knm 50 . 97) (tag-knm 50 . 98) (tag-knm 50 . 99)
   (tag-knm 50 . 100) (tag-knm 50 . 101) (tag-knm 50 . 102)
   (tag-knm 50 . 103))
  ("DefnBase.indn.deltas"
   ((tag-th ("fVinst" 739 (("pair" 28)) ("DISK_THM"))
     "%198%201%203%22%46$3$2B71$1b4$0@|U53|U57|U62|U57%200%22%46$2$1b3$0@|U53|U57|U61B93|U205")
    (tag-tm . "%163"))
   ((tag-th ("fVinst" 740 (("pair" 28)) ("DISK_THM"))
     "%197%201%202%48$0$2$1B70b3|U54|U58|U57%48%199$1$0b2|U60|U54B93|U204")
    (tag-tm . "%162")))))
