(theory (("Pf0Drv" "1676676959" "350855") ("PfDrv" "1676675970" "229677"))
 (core-data
  (tables
   (string-table "min" "fun" "bool" "fsytx" "form" "list" "pair" "prod"
    "tmsytx" "sort" "string" "char" "num" "finite_map" "fmap" "term" "!"
    "," "arithmetic" "-" "/\\" "prim_rec" "<" "<=" "=" "==>" "?" "APPEND"
    "pred_set" "BIGUNION" "BIT1" "CONS" "EL" "EMPTY" "EQ" "FALL" "FALLL"
    "FAPPLY" "FDOM" "FINITE" "FLAT" "FST" "False" "GSPEC" "newdefs" "IFF"
    "IMP" "IN" "INSERT" "INTER" "LENGTH" "LIST_TO_SET" "PfDrv" "Leq"
    "Lofeqthl" "NEG" "NIL" "NUMERAL" "Pf0Drv" "Pf0" "REVERSE" "Req"
    "Rofeqthl" "SND" "SUBSET" "UNCURRY" "UNION" "Uof" "ZERO" "\\/"
    "add_assum" "add_cont" "add_cont1" "assum" "assume" "concl" "cont"
    "count" "disch" "fabs" "fbounds" "fcong" "ffv" "finst" "fprpl" "frpl"
    "gen" "genavds" "is_EQ" "is_cfm" "is_cont" "map2list" "mk_bmap" "refl"
    "sfv" "sort_of" "spec" "tfv" "tsname" "vinsth" "wfaths" "wff" "wfs"
    "wfsig" "wfsigaths" "wft" "wfvmap" "~" "Pf0_def" "Pf0Drv_def"
    "wfaths_def" "wfsigaths_def" "Pf0Drv_double_neg" "Pf0Drv_add_cont"
    "Pf0Drv_add_cont0" "Pf0Drv_add_cont1" "Pf0Drv_undisch" "Pf0_rules"
    "Pf0_ind" "Pf0_strongind" "Pf0_cases" "Pf0_AX" "Pf0_cong" "Pf0_vinsth"
    "Pf0_ALLI" "Pf0_ALLE" "Pf0_double_neg" "Pf0_fromBot" "Pf0_assume"
    "Pf0_mp" "Pf0_disch" "Pf0_refl" "Pf0_sym" "Pf0_trans" "Pf0_add_cont1"
    "Pf0_cont_is_cont" "is_cfm_IFF" "is_cfm_fprpl" "is_cfm_finst"
    "is_cfm_fabs" "is_cfm_frpl" "is_cfm_NEG" "is_cfm_EQ" "Pf0_cfm"
    "Pf0Drv_cfm" "Pf0Drv_cont_wf" "mk_bmap_BIGUNION"
    "FAPPLY_mk_bmap_REVERSE_Lofeqthl" "FAPPLY_mk_bmap_REVERSE_Rofeqthl"
    "Pf0_ffv_SUBSET_wff" "Pf0_wff" "Pf0Drv_wff" "Pf0Drv_ffv_SUBSET_cont"
    "Pf0Drv_concl_ffv_SUBSET" "Pf0Drv_assum_ffv_SUBSET" "Pf0Drv_assume"
    "Pf0Drv_mp" "Pf0Drv_disch" "Pf0Drv_add_assum" "Pf0Drv_wff1"
    "Pf0Drv_cont_SUBSET" "Pf0Drv_assum_SUBSET" "Pf0Drv_gen"
    "Pf0Drv_cont_wf'" "combin" "sat" "numeral" "relation" "marker")
   (id-table (0 . 1) (0 . 2) (3 . 4) (5 . 5) (6 . 7) (8 . 9) (10 . 11)
    (12 . 12) (13 . 14) (8 . 15) (2 . 16) (6 . 17) (18 . 19) (2 . 20)
    (21 . 22) (18 . 23) (0 . 24) (0 . 25) (2 . 26) (5 . 27) (28 . 29)
    (18 . 30) (5 . 31) (5 . 32) (28 . 33) (3 . 34) (3 . 35) (3 . 36)
    (13 . 37) (13 . 38) (28 . 39) (5 . 40) (6 . 41) (3 . 42) (28 . 43)
    (44 . 45) (3 . 46) (2 . 47) (28 . 48) (28 . 49) (5 . 50) (5 . 51)
    (52 . 53) (44 . 54) (44 . 55) (5 . 56) (18 . 57) (58 . 59) (58 . 58)
    (5 . 60) (52 . 61) (44 . 62) (6 . 63) (28 . 64) (6 . 65) (28 . 66)
    (3 . 67) (18 . 68) (2 . 69) (44 . 70) (44 . 71) (44 . 72) (44 . 73)
    (44 . 74) (44 . 75) (44 . 76) (28 . 77) (44 . 78) (3 . 79) (3 . 80)
    (44 . 81) (3 . 82) (3 . 83) (3 . 84) (3 . 85) (44 . 86) (44 . 87)
    (3 . 88) (44 . 89) (8 . 90) (44 . 91) (8 . 92) (44 . 93) (8 . 94)
    (8 . 95) (44 . 96) (8 . 97) (3 . 98) (44 . 99) (58 . 100) (3 . 101)
    (8 . 102) (3 . 103) (58 . 104) (8 . 105) (44 . 106) (2 . 107))
   (type-table (1) (2) (0 1 0) (4 2 1) (5) (6) (3 5) (4 6 4) (0 7 0)
    (4 8 3) (3 9) (0 10 0) (7) (0 12 10) (0 9 0) (9) (8 12 15) (0 12 9)
    (3 15) (3 4) (8 7 15) (0 6 0) (3 7) (8 6 22) (4 23 21) (4 4 22)
    (8 6 25) (4 26 24) (0 23 0) (0 28 0) (0 26 0) (0 30 0) (0 16 0)
    (0 32 0) (0 20 0) (0 34 0) (0 2 0) (0 36 0) (0 21 0) (0 38 0) (0 11 0)
    (0 40 0) (0 13 0) (0 42 0) (0 17 0) (0 44 0) (0 14 0) (0 46 0) (0 8 0)
    (0 48 0) (0 19 0) (0 50 0) (0 18 0) (0 52 0) (0 12 0) (0 54 0) (0 27 0)
    (0 56 0) (0 4 0) (0 58 0) (0 15 0) (0 60 0) (0 21 24) (0 23 62)
    (0 24 27) (0 26 64) (0 1 3) (0 2 66) (4 8 0) (0 0 68) (0 8 69) (0 3 9)
    (0 8 71) (0 4 7) (0 6 73) (0 12 12) (0 12 75) (0 0 0) (0 0 77)
    (0 12 54) (0 14 11) (0 27 80) (0 81 0) (0 81 82) (0 10 11) (0 19 50)
    (0 4 58) (0 15 60) (0 10 10) (0 10 88) (0 48 8) (0 9 88) (0 19 4)
    (0 12 92) (0 15 1) (0 15 94) (0 1 1) (0 4 96) (0 19 96) (0 12 15)
    (0 16 99) (0 20 8) (3 10) (0 102 10) (0 27 26) (0 12 68) (0 105 48)
    (0 1 96) (0 1 36) (0 6 38) (0 12 55) (0 9 46) (0 7 48) (0 4 59) (0 2 2)
    (0 1 114) (0 8 8) (0 7 116) (0 54 54) (0 54 118) (0 19 12) (0 18 12)
    (0 10 14) (0 19 58) (0 18 60) (0 1 15) (0 10 18) (0 14 14) (0 27 127)
    (0 18 18) (0 24 21) (0 27 24) (0 2 36) (0 8 48) (0 7 8) (0 4 8)
    (0 6 135) (0 136 134) (0 2 114) (0 8 116) (0 2 8) (0 1 8) (0 141 140)
    (0 134 116) (0 60 8) (0 15 8) (0 145 144) (0 9 9) (0 2 147) (0 8 147)
    (0 7 147) (0 9 2) (0 1 9) (0 9 1) (0 9 8) (0 1 147) (0 12 96) (0 7 156)
    (0 1 54) (0 19 152) (0 10 159) (0 20 96) (0 16 96) (0 15 96) (0 12 163)
    (0 13 102) (0 12 165) (0 17 10) (0 12 167) (0 18 16) (0 15 9) (0 15 4)
    (0 15 147) (0 15 6) (0 20 147) (0 27 46) (0 27 2) (0 26 58) (0 26 60)
    (0 26 34) (0 175 0) (0 180 0) (0 24 0) (0 182 0))
   (term-table ("A" 2) ("A0" 2) ("A1" 2) ("A2" 2) ("Pf0'" 11) ("Pf0s" 13)
    ("a" 1) ("a0" 10) ("ath" 9) ("aths" 14) ("axs" 14) ("b" 1) ("bmap" 16)
    ("c" 1) ("ct" 8) ("eqths" 17) ("f" 1) ("f1" 1) ("f2" 1) ("i" 12)
    ("l" 18) ("n" 6) ("n" 12) ("pf" 10) ("pf0" 10) ("pf1" 10) ("pf2" 10)
    ("s" 2) ("s" 4) ("sl" 19) ("t" 15) ("t1" 15) ("t2" 15) ("t3" 15)
    ("th" 9) ("v" 7) ("v" 15) ("vs" 8) ("v\207\131" 20) ("x" 6)
    ("\206\147" 8) ("\206\1470" 8) ("\206\1471" 8) ("\206\1472" 8)
    ("\206\163" 27) ("\206\163e" 21) ("\206\163f" 26) ("\206\163p" 23)
    ("\207\131" 20) ("\207\136" 1) ("\207\149" 1) (10 29) (10 31) (10 33)
    (10 35) (10 36) (10 37) (10 39) (10 41) (10 43) (10 45) (10 47) (10 49)
    (10 38) (10 40) (10 51) (10 53) (10 55) (10 57) (10 46) (10 59) (10 61)
    (11 63) (11 65) (11 67) (11 70) (11 72) (11 74) (12 76) (13 78) (14 79)
    (15 79) (16 78) (16 83) (16 84) (16 85) (16 86) (16 87) (17 78) (18 35)
    (18 36) (18 37) (18 43) (18 45) (18 49) (18 38) (18 40) (18 51) (18 46)
    (18 59) (18 61) (19 89) (20 90) (21 75) (22 91) (23 93) (24 2) (24 8)
    (25 95) (26 97) (27 98) (28 100) (29 101) (30 36) (30 48) (31 103)
    (32 104) (33 1) (34 106) (35 107) (36 107) (37 108) (37 109) (37 110)
    (37 111) (37 112) (37 113) (38 115) (38 117) (39 119) (40 120) (40 121)
    (41 122) (41 123) (41 124) (42 125) (43 126) (44 96) (45 10) (45 19)
    (46 75) (47 81) (48 128) (49 129) (50 125) (51 126) (52 130) (52 131)
    (53 132) (53 133) (54 137) (55 138) (55 139) (56 142) (56 143) (56 146)
    (57 12) (58 78) (59 148) (60 149) (61 150) (62 151) (63 152) (64 153)
    (65 154) (66 79) (67 155) (68 157) (69 158) (70 160) (71 141) (72 161)
    (73 162) (74 164) (75 150) (76 154) (77 2) (78 2) (79 48) (80 166)
    (80 168) (81 169) (82 170) (83 135) (84 171) (85 172) (86 145) (87 173)
    (88 174) (89 175) (90 176) (91 177) (92 56) (93 175) (94 178) (95 179)
    (96 77) ("P" 175) ("p" 27) ("p_1" 26) ("p_2" 24) (10 181) (10 183)))
  exports (nil) (nil)
  ((108 (((58 1035)))
    ("%141%44%9%7%4%7%8$1$0%138B104B84$0$4B124B79|U98%11%29%5%15$4$2U130%156U103U140B78$1B179U115$2U130%156U103U140B78$0B180$2B169$3@%138B104B101B84$2%139B85U196%22$0$3U130B80$0u1U163U176$0u2u6$0u1$0u2U132B124$0u1U163U135U184$0$3B105B86B79B79B79B88|U67%28$0$3U133B126$9U116$0B191B88|U70$8$2$3B110B190$3U177B79B79B79B79B79|U93|U92|U97|U90%23%34%38$3$2$0$1B188%138B104B101B84$2u4$1$2U132B124$7U116$0B195$1U164$0U112B149B79B79B79B79|U89|U98|U96%40%0%23%39%28%16$6$3$2$1B77$5$4$0B74B76B174%138B104B101B84$3u7$5$4$0B74B76$3U132B124$10U116$1B191$1U183$5B149$2$1B77$5$4$0B74B76U175B125U196B79B79B79B79B79|U90|U99|U95|U96|U91|U94%40%0%23%28%16%30$6$3$0$5$4$2$1B109B74B76B185%138B104B101B84$3u7$5$4$2$1B109B74B76$3U132B124$10U116$0B194$0U184$2B86B79B79B79B79|U100|U90|U99|U96|U91|U94%40%0%23%16$4$1$3$2$0B74B76%138B104B101B84$1u5$3$2$0U137%106B127B151%117B74B76$1U132B124B79B79|U90|U96|U91|U94%40%0%23%16$4$1$3$0U170B152$2$0B74B76%138B104B101B84$1u5$3$2%117B74B76$1U132B124$8$0B190$0U177B79B79B79B79|U90|U96|U91|U94%13$1$0U162%138B104B84$5$0B190$0U177B79B79|U90%42%43%2%3%25%17%26%18$8$3$1B101$7$6B152$5$4B151$0B74B76%138B104B101B84$3u9$1u9$7$5$2$0B120B74B76$3U132B124$6$4$2B74B76$1U132B124B79B79B79B79|U90|U96|U90|U96|U91|U91|U94|U94%23%34%6$3$2$0$1B166%138B104B101B84$2u4$1$2U132B124$7$0B190$0U177B79B79B79B79|U90|U98|U96%30$1$0U182%138B104B84$5U116$0B194$0U187$5U147U146B122B79B79|U100%40%0%23%31%32$5$2$4$3$0$1B108B74B76%138B104B101B84$2u6$4$3$1$0B108B74B76$2U132B124B79B79|U100|U100|U96|U91|U94%42%43%2%3%25%26%31%32%33$9$4$3B101$8$7B152$6$5B151$2$0B108B74B76%138B104B101B84$4u10$3u10$8$6$2$1B108B74B76$4U132B124$7$5$1$0B108B74B76$3U132B124B79B79B79B79|U100|U100|U100|U96|U96|U91|U91|U94|U94%28%23%34%21$4$2$0$3B77$1B160%138B104B101B84$2u5$1$2U132B124$8U116$3B191B79B79B79|U95|U98|U96|U99B157B157B157B157B157B157B157B157B157B157B157B157B157$0u1B88|U64$1u0B88|U58|||B83"))
   (109 (((58 1054)))
    ("%44%9%34$2$1B142$0@%24$3$2B141$0@$1$0U132B124B79|U96B82|U69|U61|U68"))
   (110 (((58 1063) (6 17)) "DISK_THM")
    ("%46%47%45%9$3$2$1B72B73$0B189%40%0%16$2$1$0B74B76$3B124$6$5$4B72B73$0B190$0U177%6$0$2B121$7$6$5B72B73$0B190$0U177B79B88|U55%21%28$1$0B77$4B125$8$0B191B88|U70|U63%170$0%106B127$1B151B153$2B149B79B79B79B79B88|U55|U56|U62B82|U61|U57|U51|U52"))
   (111 (((58 1071))) ("%44%9$1$0B193$1U192$1$0B189B79B82|U61|U68"))
   (112
    (((58 1083) (58 1045 1054) (2 25 26 46 47 50 51 52 54 56 58 63 105 125)
      (5 92 138) (6 4)) "DISK_THM")
    ("%44%9B142%40%0%16U137%106B127B151%117B74B76@%44%9B142%40%0%16B74B76@B88"))
   (113
    (((58 1082) (58 1081)
      (2 25 26 31 50 52 54 56 58 63 101 105 125 147 183) (164 20)
      (44 835 838) (28 190 298) (165 1 3 5 6 7 11 13 14 15 17 18))
     "DISK_THM")
    ("%14U114%14U178B79%21%28$1$0B77%14B125%44U116$0B191B88|U70|U63%44%9B142%34@B79%44%9B142%14%34B159@B88B88"))
   (114
    (((58 1081) (58 1080)
      (2 2 14 25 26 27 35 50 52 54 56 58 63 86 99 100 105 125 145 171)
      (164 1 3 5 20) (3 554 555 558) (44 834 836 837) (6 4 5 17)
      (28 18 118 183 284) (165 1 3 5 6 7 11 12 13 14 15 17 18)) "DISK_THM")
    ("%37$0U114%21%28$1$0B77$2B125%44U116$0B191B88|U70|U63%44%9B142%34@B79%44%9B142%21%28$1$0B77%107B128$0U183B152||U150$0B154%34B159@B88B88|U62"))
   (115
    (((58 1080) (58 1053 1054) (2 25 26 46 47 50 51 54 56 58 63)
      (5 92 138)) "DISK_THM")
    ("%44%9B142%34@%21%28%44U116$0B191%44%9B142$1$0B77%34B160@B88|U70|U63B88"))
   (116
    (((58 1079) (58 1065 1071 1073 1075 1077 1078)
      (2 25 26 50 52 54 58 63 99 105 125) (3 506) (44 787 788 807 817 907)
      (28 3 28 60 66) (165 1 3 5 6 7 11 12 13 14 15 17 18 19 20 23))
     "DISK_THM" "cheat")
    ("%44%9B193%44%9B142%40%0%17%18B120B74B76@%44%9B142%40%0%17%106B127B151%18B74B76@B88B88"))
   (117
    (((58 1036) (58 1035) (2 14 25 26 52 133 134 135 138 139)) "DISK_THM")
    ("%44%9%8$0$1B124$2$1B141$0%138B104@B88|U69%11%29%5%15$2%139B85U196%22$0$3U130B80$0u1U163U176$6$5B141$0u2@$0u1$0u2U132B124$0u1U163U135U184$0$3B105B86B79B79B79B88|U67%28$0$3U133B126$6U116$0B191B88|U70$5$2$3B110B190$3U177B79B79B79B79$5$4B141$2U130%156U103U140B78$1B179U115$2U130%156U103U140B78$0B180$2B169$3@%138B104B101@B88|U60|U59|U65|U55%23%34%38$4$3B141$2@$1$2U132B124$4U116$0B195$1U164$0U112B149B79B79B79$4$3B141$2$0$1B188%138B104B101@B88|U54|U69|U64%40%0%23%39%28%16$7$6B141$3@$5$4$0B74B76$3U132B124$7U116$1B191$1U183$5B149$2$1B77$5$4$0B74B76U175B125U196B79B79B79B79$7$6B141$3$2$1B77$5$4$0B74B76B174%138B104B101@B88|U55|U70|U63|U64|U56|U62%40%0%23%28%16%30$7$6B141$3@$5$4$2$1B109B74B76$3U132B124$7U116$0B194$0U184$2B86B79B79B79$7$6B141$3$0$5$4$2$1B109B74B76B185%138B104B101@B88|U71|U55|U70|U64|U56|U62%40%0%23%16$5$4B141$1@$3$2$0U137%106B127B151%117B74B76$1U132B124B79$5$4B141$1$3$2$0B74B76%138B104B101@B88|U55|U64|U56|U62%40%0%23%16$5$4B141$1@$3$2%117B74B76$1U132B124$5$0B190$0U177B79B79B79$5$4B141$1$3$0U170B152$2$0B74B76%138B104B101@B88|U55|U64|U56|U62%13$2$0B190$0U177B79$2$1B141$0U162%138B104@B88|U55%42%43%2%3%25%17%26%18$9$8B141$3@$9$8B141$1@$7$5$2$0B120B74B76$3U132B124$6$4$2B74B76$1U132B124B79B79B79$9$8B141$3$1B101$7$6B152$5$4B151$0B74B76%138B104B101@B88|U55|U64|U55|U64|U56|U56|U62|U62%23%34%6$4$3B141$2@$1$2U132B124$4$0B190$0U177B79B79B79$4$3B141$2$0$1B166%138B104B101@B88|U55|U69|U64%30$2U116$0B194$0U187$2U147U146B122B79$2$1B141$0U182%138B104@B88|U71%40%0%23%31%32$6$5B141$2@$4$3$1$0B108B74B76$2U132B124B79$6$5B141$2$4$3$0$1B108B74B76%138B104B101@B88|U71|U71|U64|U56|U62%42%43%2%3%25%26%31%32%33$10$9B141$4@$10$9B141$3@$8$6$2$1B108B74B76$4U132B124$7$5$1$0B108B74B76$3U132B124B79B79B79$10$9B141$4$3B101$8$7B152$6$5B151$2$0B108B74B76%138B104B101@B88|U71|U71|U71|U64|U64|U56|U56|U62|U62%28%23%34%21$5$4B141$2@$1$2U132B124$5U116$3B191B79B79$5$4B141$2$0$3B77$1B160%138B104B101@B88|U63|U69|U64|U70B79B79B79B79B79B79B79B79B79B79B79B79B79|U61|U68"))
   (118
    (((58 1037) (58 1035) (2 14 25 26 52 133 134 135 138 139)) "DISK_THM")
    ("%44%9%4%8$0$2B124$0%138B104u1B88|U69%11%29%5%15$2%139B85U196%22$0$3U130B80$0u1U163U176$0u2u5$0u1$0u2U132B124$0u1U163U135U184$0$3B105B86B79B79B79B88|U67%28$0$3U133B126$7U116$0B191B88|U70$6$2$3B110B190$3U177B79B79B79B79$2U130%156U103U140B78$1B179U115$2U130%156U103U140B78$0B180$2B169$3@%138B104B101u4B88|U60|U59|U65|U55%23%34%38$2u3$1$2U132B124$5U116$0B195$1U164$0U112B149B79B79B79$2$0$1B188%138B104B101u3B88|U54|U69|U64%40%0%23%39%28%16$3u6$5$4$0B74B76$3U132B124$8U116$1B191$1U183$5B149$2$1B77$5$4$0B74B76U175B125U196B79B79B79B79$3$2$1B77$5$4$0B74B76B174%138B104B101u6B88|U55|U70|U63|U64|U56|U62%40%0%23%28%16%30$3u6$5$4$2$1B109B74B76$3U132B124$8U116$0B194$0U184$2B86B79B79B79$3$0$5$4$2$1B109B74B76B185%138B104B101u6B88|U71|U55|U70|U64|U56|U62%40%0%23%16$1u4$3$2$0U137%106B127B151%117B74B76$1U132B124B79$1$3$2$0B74B76%138B104B101u4B88|U55|U64|U56|U62%40%0%23%16$1u4$3$2%117B74B76$1U132B124$6$0B190$0U177B79B79B79$1$3$0U170B152$2$0B74B76%138B104B101u4B88|U55|U64|U56|U62%13$3$0B190$0U177B79$0U162%138B104u1B88|U55%42%43%2%3%25%17%26%18$3u8$1u8$7$5$2$0B120B74B76$3U132B124$6$4$2B74B76$1U132B124B79B79B79$3$1B101$7$6B152$5$4B151$0B74B76%138B104B101u8B88|U55|U64|U55|U64|U56|U56|U62|U62%23%34%6$2u3$1$2U132B124$5$0B190$0U177B79B79B79$2$0$1B166%138B104B101u3B88|U55|U69|U64%30$3U116$0B194$0U187$3U147U146B122B79$0U182%138B104u1B88|U71%40%0%23%31%32$2u5$4$3$1$0B108B74B76$2U132B124B79$2$4$3$0$1B108B74B76%138B104B101u5B88|U71|U71|U64|U56|U62%42%43%2%3%25%26%31%32%33$4u9$3u9$8$6$2$1B108B74B76$4U132B124$7$5$1$0B108B74B76$3U132B124B79B79B79$4$3B101$8$7B152$6$5B151$2$0B108B74B76%138B104B101u9B88|U71|U71|U71|U64|U64|U56|U56|U62|U62%28%23%34%21$2u4$1$2U132B124$6U116$3B191B79B79$2$0$3B77$1B160%138B104B101u4B88|U63|U69|U64|U70B79B79B79B79B79B79B79B79B79B79B79B79B79%7$3$2B141$0@$0u1B88|U64B88|U58|U61|U68"))
   (119
    (((58 1038) (58 1035) (2 14 25 26 42 52 58 133 134 135 138 139))
     "DISK_THM")
    ("%44%9%4%8$0$2B124$0%138B104u1B88|U69%11%29%5%15$2%139B85U196%22$0$3U130B80$0u1U163U176$7$6B141$0u2@$0u2u5$0u1$0u2U132B124$0u1U163U135U184$0$3B105B86B79B79B79B79B88|U67%28$0$3U133B126$7U116$0B191B88|U70$6$2$3B110B190$3U177B79B79B79B79$2U130%156U103U140B78$1B179U115$2U130%156U103U140B78$0B180$2B169$3@%138B104B101u4B88|U60|U59|U65|U55%23%34%38$5$4B141$2@$2u3$1$2U132B124$5U116$0B195$1U164$0U112B149B79B79B79B79$2$0$1B188%138B104B101u3B88|U54|U69|U64%40%0%23%39%28%16$8$7B141$3@$3u6$5$4$0B74B76$3U132B124$8U116$1B191$1U183$5B149$2$1B77$5$4$0B74B76U175B125U196B79B79B79B79B79$3$2$1B77$5$4$0B74B76B174%138B104B101u6B88|U55|U70|U63|U64|U56|U62%40%0%23%28%16%30$8$7B141$3@$3u6$5$4$2$1B109B74B76$3U132B124$8U116$0B194$0U184$2B86B79B79B79B79$3$0$5$4$2$1B109B74B76B185%138B104B101u6B88|U71|U55|U70|U64|U56|U62%40%0%23%16$6$5B141$1@$1u4$3$2$0U137%106B127B151%117B74B76$1U132B124B79B79$1$3$2$0B74B76%138B104B101u4B88|U55|U64|U56|U62%40%0%23%16$6$5B141$1@$1u4$3$2%117B74B76$1U132B124$6$0B190$0U177B79B79B79B79$1$3$0U170B152$2$0B74B76%138B104B101u4B88|U55|U64|U56|U62%13$3$0B190$0U177B79$0U162%138B104u1B88|U55%42%43%2%3%25%17%26%18$10$9B141$3@$3u8$10$9B141$1@$1u8$7$5$2$0B120B74B76$3U132B124$6$4$2B74B76$1U132B124B79B79B79B79B79$3$1B101$7$6B152$5$4B151$0B74B76%138B104B101u8B88|U55|U64|U55|U64|U56|U56|U62|U62%23%34%6$5$4B141$2@$2u3$1$2U132B124$5$0B190$0U177B79B79B79B79$2$0$1B166%138B104B101u3B88|U55|U69|U64%30$3U116$0B194$0U187$3U147U146B122B79$0U182%138B104u1B88|U71%40%0%23%31%32$7$6B141$2@$2u5$4$3$1$0B108B74B76$2U132B124B79B79$2$4$3$0$1B108B74B76%138B104B101u5B88|U71|U71|U64|U56|U62%42%43%2%3%25%26%31%32%33$11$10B141$4@$4u9$11$10B141$3@$3u9$8$6$2$1B108B74B76$4U132B124$7$5$1$0B108B74B76$3U132B124B79B79B79B79B79$4$3B101$8$7B152$6$5B151$2$0B108B74B76%138B104B101u9B88|U71|U71|U71|U64|U64|U56|U56|U62|U62%28%23%34%21$6$5B141$2@$2u4$1$2U132B124$6U116$3B191B79B79B79$2$0$3B77$1B160%138B104B101u4B88|U63|U69|U64|U70B79B79B79B79B79B79B79B79B79B79B79B79B79%7$3$2B141$0@$0u1B88|U64B88|U58|U61|U68"))
   (120
    (((58 1039) (58 1035) (2 14 25 26 52 133 134 135 138 139)) "DISK_THM")
    ("%44%9%7$2$1B141$0@%8$1$0%138B104B84$0$2B124B79|U98%11%29%5%15$4$2U130%156U103U140B78$1B179U115$2U130%156U103U140B78$0B180$2B169$3@%138B104B101B84$2%139B85U196%22$0$3U130B80$0u1U163U176$7$6B141$0u2@$0u1$0u2U132B124$0u1U163U135U184$0$3B105B86B79B79B79B88|U67%28$0$3U133B126$7U116$0B191B88|U70$6$2$3B110B190$3U177B79B79B79B79B79|U93|U92|U97|U90%23%34%38$3$2$0$1B188%138B104B101B84$5$4B141$2@$1$2U132B124$5U116$0B195$1U164$0U112B149B79B79B79B79|U89|U98|U96%40%0%23%39%28%16$6$3$2$1B77$5$4$0B74B76B174%138B104B101B84$8$7B141$3@$5$4$0B74B76$3U132B124$8U116$1B191$1U183$5B149$2$1B77$5$4$0B74B76U175B125U196B79B79B79B79B79|U90|U99|U95|U96|U91|U94%40%0%23%28%16%30$6$3$0$5$4$2$1B109B74B76B185%138B104B101B84$8$7B141$3@$5$4$2$1B109B74B76$3U132B124$8U116$0B194$0U184$2B86B79B79B79B79|U100|U90|U99|U96|U91|U94%40%0%23%16$4$1$3$2$0B74B76%138B104B101B84$6$5B141$1@$3$2$0U137%106B127B151%117B74B76$1U132B124B79B79|U90|U96|U91|U94%40%0%23%16$4$1$3$0U170B152$2$0B74B76%138B104B101B84$6$5B141$1@$3$2%117B74B76$1U132B124$6$0B190$0U177B79B79B79B79|U90|U96|U91|U94%13$1$0U162%138B104B84$3$0B190$0U177B79B79|U90%42%43%2%3%25%17%26%18$8$3$1B101$7$6B152$5$4B151$0B74B76%138B104B101B84$10$9B141$3@$10$9B141$1@$7$5$2$0B120B74B76$3U132B124$6$4$2B74B76$1U132B124B79B79B79B79|U90|U96|U90|U96|U91|U91|U94|U94%23%34%6$3$2$0$1B166%138B104B101B84$5$4B141$2@$1$2U132B124$5$0B190$0U177B79B79B79B79|U90|U98|U96%30$1$0U182%138B104B84$3U116$0B194$0U187$3U147U146B122B79B79|U100%40%0%23%31%32$5$2$4$3$0$1B108B74B76%138B104B101B84$7$6B141$2@$4$3$1$0B108B74B76$2U132B124B79B79|U100|U100|U96|U91|U94%42%43%2%3%25%26%31%32%33$9$4$3B101$8$7B152$6$5B151$2$0B108B74B76%138B104B101B84$11$10B141$4@$11$10B141$3@$8$6$2$1B108B74B76$4U132B124$7$5$1$0B108B74B76$3U132B124B79B79B79B79|U100|U100|U100|U96|U96|U91|U91|U94|U94%28%23%34%21$4$2$0$3B77$1B160%138B104B101B84$6$5B141$2@$1$2U132B124$6U116$3B191B79B79B79|U95|U98|U96|U99B157B157B157B157B157B157B157B157B157B157B157B157B157B82|U64|U61|U68"))
   (121
    (((58 1040) (58 1035) (2 14 25 26 52 133 134 135 138 139)) "DISK_THM")
    ("%44%9%8$0$1B124$2$1B141$0%138B104@B88|U69|U61|U68"))
   (122
    (((58 1041) (58 1035) (2 14 25 26 52 133 134 135 138 139)) "DISK_THM")
    ("%44%9%11%29%5%15$2%139B85U196%22$0$3U130B80$0u1U163U176$6$5B141$0u2@$0u1$0u2U132B124$0u1U163U135U184$0$3B105B86B79B79B79B88|U67%28$0$3U133B126$6U116$0B191B88|U70$5$2$3B110B190$3U177B79B79B79B79$5$4B141$2U130%156U103U140B78$1B179U115$2U130%156U103U140B78$0B180$2B169$3@%138B104B101@B88|U60|U59|U65|U55|U61|U68"))
   (123
    (((58 1042) (58 1035) (2 14 25 26 52 133 134 135 138 139)) "DISK_THM")
    ("%44%9%23%34%38$4$3B141$2@$1$2U132B124$4U116$0B195$1U164$0U112B149B79B79B79$4$3B141$2$0$1B188%138B104B101@B88|U54|U69|U64|U61|U68"))
   (124
    (((58 1043) (58 1035) (2 14 25 26 52 133 134 135 138 139)) "DISK_THM")
    ("%44%9%40%0%23%39%28%16$7$6B141$3@$5$4$0B74B76$3U132B124$7U116$1B191$1U183$5B149$2$1B77$5$4$0B74B76U175B125U196B79B79B79B79$7$6B141$3$2$1B77$5$4$0B74B76B174%138B104B101@B88|U55|U70|U63|U64|U56|U62|U61|U68"))
   (125
    (((58 1044) (58 1035) (2 14 25 26 52 133 134 135 138 139)) "DISK_THM")
    ("%44%9%40%0%23%28%16%30$7$6B141$3@$5$4$2$1B109B74B76$3U132B124$7U116$0B194$0U184$2B86B79B79B79$7$6B141$3$0$5$4$2$1B109B74B76B185%138B104B101@B88|U71|U55|U70|U64|U56|U62|U61|U68"))
   (126
    (((58 1045) (58 1035) (2 14 25 26 52 133 134 135 138 139)) "DISK_THM")
    ("%44%9%40%0%23%16$5$4B141$1@$3$2$0U137%106B127B151%117B74B76$1U132B124B79$5$4B141$1$3$2$0B74B76%138B104B101@B88|U55|U64|U56|U62|U61|U68"))
   (127
    (((58 1046) (58 1035) (2 14 25 26 52 133 134 135 138 139)) "DISK_THM")
    ("%44%9%40%0%23%16$5$4B141$1@$3$2%117B74B76$1U132B124$5$0B190$0U177B79B79B79$5$4B141$1$3$0U170B152$2$0B74B76%138B104B101@B88|U55|U64|U56|U62|U61|U68"))
   (128
    (((58 1047) (58 1035) (2 14 25 26 52 133 134 135 138 139)) "DISK_THM")
    ("%44%9%13$2$0B190$0U177B79$2$1B141$0U162%138B104@B88|U55|U61|U68"))
   (129
    (((58 1048) (58 1035) (2 14 25 26 52 133 134 135 138 139)) "DISK_THM")
    ("%44%9%42%43%2%3%25%17%26%18$9$8B141$3@$9$8B141$1@$7$5$2$0B120B74B76$3U132B124$6$4$2B74B76$1U132B124B79B79B79$9$8B141$3$1B101$7$6B152$5$4B151$0B74B76%138B104B101@B88|U55|U64|U55|U64|U56|U56|U62|U62|U61|U68"))
   (130
    (((58 1049) (58 1035) (2 14 25 26 52 133 134 135 138 139)) "DISK_THM")
    ("%44%9%23%34%6$4$3B141$2@$1$2U132B124$4$0B190$0U177B79B79B79$4$3B141$2$0$1B166%138B104B101@B88|U55|U69|U64|U61|U68"))
   (131
    (((58 1050) (58 1035) (2 14 25 26 52 133 134 135 138 139)) "DISK_THM")
    ("%44%9%30$2U116$0B194$0U187$2U147U146B122B79$2$1B141$0U182%138B104@B88|U71|U61|U68"))
   (132
    (((58 1051) (58 1035) (2 14 25 26 52 133 134 135 138 139)) "DISK_THM")
    ("%44%9%40%0%23%31%32$6$5B141$2@$4$3$1$0B108B74B76$2U132B124B79$6$5B141$2$4$3$0$1B108B74B76%138B104B101@B88|U71|U71|U64|U56|U62|U61|U68"))
   (133
    (((58 1052) (58 1035) (2 14 25 26 52 133 134 135 138 139)) "DISK_THM")
    ("%44%9%42%43%2%3%25%26%31%32%33$10$9B141$4@$10$9B141$3@$8$6$2$1B108B74B76$4U132B124$7$5$1$0B108B74B76$3U132B124B79B79B79$10$9B141$4$3B101$8$7B152$6$5B151$2$0B108B74B76%138B104B101@B88|U71|U71|U71|U64|U64|U56|U56|U62|U62|U61|U68"))
   (134
    (((58 1053) (58 1035) (2 14 25 26 52 133 134 135 138 139)) "DISK_THM")
    ("%44%9%28%23%34%21$5$4B141$2@$1$2U132B124$5U116$3B191B79B79$5$4B141$2$0$3B77$1B160%138B104B101@B88|U63|U69|U64|U70|U61|U68"))
   (135
    (((58 1055) (58 1038) (18 25 26 49 62 81 103 190 191 195 198 296)
      (2 2 15 25 26 27 35 42 50 51 52 54 56 58 63 74 75 83 93 96 99 101 104
       105 125 145 147 183) (164 20) (3 493 513 514 543 639)
      (5 92 94 104 138)
      (44 786 802 803 812 813 816 817 818 822 824 828 832 845 901)
      (166 3 8) (6 3 4 5 51) (28 6 73) (167 120 139)
      (165 1 3 5 6 7 11 12 13 14 15 17 18 19 20 23) (8 66 107 118))
     "DISK_THM")
    ("%34$0%9B124$0U164U178B88|U69%23%44%9B141$0@%40%0%16$2$1$0B74B76$3U132B124$2U178B88|U55|U56|U62B88|U64B88"))
   (136 (((58 1056) (2 26 27 47 50) (44 795 797 799 807)) "DISK_THM")
    ("%17%18B119U177%17U177%18U177B79B82"))
   (137
    (((58 1057) (2 14 25 26 35 52 54 56 63 133 134 139)
      (3 482 483 484 485 486 487 488 489 490 491 492 538) (44 807))
     "DISK_THM") ("%16%12$0$1B172U177$1U177B82|U53|U55"))
   (138
    (((58 1058) (2 14 25 26 35 52 54 56 63 133 134 139)
      (3 482 483 484 485 486 487 488 489 490 491 492 542) (44 807))
     "DISK_THM") ("%48%16B171U177%16U177B82"))
   (139
    (((58 1059) (2 14 25 26 35 52 54 56 63 133 134 139)
      (3 482 483 484 485 486 487 488 489 490 491 492 507) (44 807))
     "DISK_THM") ("%16%19%35$0B167$1@U177$1U177B82|U67|U55"))
   (140
    (((58 1060) (2 14 25 26 35 52 54 56 63 133 134 139)
      (3 482 483 484 485 486 487 488 489 490 491 492 577) (44 807))
     "DISK_THM") ("%16%19$0%36B173$1@U177$1U177B82|U67|U55"))
   (141
    (((58 1061) (2 14 25 26 35 50 52 54 56 63 133 134 139)
      (3 482 483 484 485 486 487 488 489 490 491 492) (44 795 807))
     "DISK_THM") ("%16$0U137U177$0U177B82|U55"))
   (142 (((58 1062) (2 25) (3 522) (44 807)) "DISK_THM")
    ("%31%32B108U177"))
   (143
    (((58 1064) (58 1038 1056 1057 1058 1059 1060 1061 1062 1063)
      (18 25 26 49 62 81 103 190 191 195 198 296)
      (2 15 25 26 27 35 42 50 51 52 54 55 58 63 73 74 75 83 93 96 99 100
       101 104 105 125) (164 20) (3 493 508 509 590) (5 92 94 104 138)
      (44 787 803 807 812 813 816 817 818 822 824 828 845 849) (166 3 8)
      (6 4 5 8 9 51) (28 18 60 118 143 190) (167 120 139)
      (165 1 3 5 6 7 11 12 13 14 15 17 18 19 20 23)) "DISK_THM")
    ("%46%47%45B72B73%9B189%23%46%47%45B72B73%9B141$0@%40%0%16$2$1$0B74B76$3U132B124$0U177%6$0$2B121$0U177B88|U55B79B88|U55|U56|U62B88|U64B88"))
   (144
    (((58 1065) (58 1054 1064) (2 25 52 54 58 63 75 83 100 105 125) (6 5)
      (165 1 3 5 6 7 11 13 14 15 17 18)) "DISK_THM")
    ("%44%9B189%40%0%16%44%9B142$2$1$0B74B76@$0U177%6$0$2B121$0U177B88|U55B79B88|U55|U56|U62B88"))
   (145
    (((58 1066) (58 1038) (18 25 26 49 62 81 103 190 191 195 198 296)
      (2 15 25 26 27 35 42 50 51 52 54 58 63 73 74 75 83 84 93 95 96 99 101
       104 105 125 171) (164 20) (3 493 586 677) (5 92 94 104 138)
      (44 786 802 803 812 813 816 817 818 822 824 828 845 849 908)
      (166 3 8) (6 3 4 5 8 9 51) (28 3 6 18 60 118 143 377) (167 120 139)
      (165 1 3 5 6 7 11 12 13 14 15 17 18 19 20 23) (8 337)) "DISK_THM")
    ("%40%0%16$2$1$0B74B76%9B124%21%28$1$0B77$4B125%46$0B191B88|U70|U63B88|U55|U56|U62%23%46%47%45B72B73%9B141$0@%40%0%16$2$1$0B74B76$3U132B124%21%28$1$0B77$4B125%46$0B191B88|U70|U63B88|U55|U56|U62B88|U64B88"))
   (146
    (((58 1067) (2 25 26 52 54 58 63 105 125 145 183) (5 194) (44 849)
      (6 3) (28 6 28 73 347 377) (165 1 3 5 6 7 11 12 13 15 17 18) (8 345))
     "DISK_THM")
    ("%20%50%19$2U181$0B111U186$0$2U131U165$1U168B129B123B75|U118U102%186$1U134B155B149|U55|U66"))
   (147
    (((58 1068) (52 969)
      (18 25 26 28 44 49 62 74 81 101 103 107 190 191 194 195 198 223 296)
      (2 25 26 27 35 42 50 51 52 54 56 58 63 93 96 101 104 105) (164 8)
      (5 76 146 202 359) (44 793 839 840 841) (166 3 5 8) (21 3 50)
      (165 1 3 5 6 7 11 12 13 15) (8 345)) "DISK_THM")
    ("%19%22B81%22%15B180U136U143U181%19B111%22%19B78U15U163U135B87B88"))
   (148
    (((58 1069) (52 970)
      (18 25 26 28 44 49 62 74 81 101 103 107 190 191 194 195 198 223 296)
      (2 25 26 27 35 42 50 51 52 54 56 58 63 93 96 101 104 105) (164 8)
      (5 76 146 202 359) (44 794 839 840 841) (166 3 5 8) (21 3 50)
      (165 1 3 5 6 7 11 12 13 15) (8 345)) "DISK_THM")
    ("%19%22B81%22%15B180U145U143U181%19B111%22%19B78U15U163U144B87B88"))
   (149
    (((58 1070) (58 1038 1063 1066 1067 1068 1069) (52 993 996 999)
      (18 25 26 28 44 49 62 65 81 103 190 191 194 195 198 213 215 216 218
       296)
      (2 2 14 15 25 26 27 35 42 46 47 50 51 52 54 55 56 58 63 72 73 74 75
       83 84 93 95 96 99 100 101 104 105 107 125 133 134 139 145 147 171
       183) (164 8 20)
      (3 493 506 514 518 519 521 522 523 527 548 554 555 557 558 559 565
       566 571 574 590 593 595 597 677) (5 92 94 104 138 202 285) (168 6)
      (44 786 787 788 790 801 802 803 811 812 813 816 817 818 822 824 828
       839 841 843 845 847 848 849 897 901 906 907 923) (166 0 3 5 8)
      (6 3 4 5 8 9 51)
      (28 3 6 18 28 31 33 60 63 65 66 68 73 118 143 152 190 347 377)
      (167 120 139) (165 1 3 5 6 7 11 12 13 14 15 17 18 19 20 23)
      (8 66 180 346)) "DISK_THM" "cheat")
    ("%46%47%45B72B73U192%46%47%45B72B73%9B189B79%23%46%47%45B72B73%9B141$0@%40%0%16$2$1$0B74B76$3U132B124%170$0%106B127$1B151B153$2B149%46%47%45B72B73$0B190%6$0$2B121%46%47%45B72B73$0B190B88|U55B79B79B88|U55|U56|U62B88|U64B88"))
   (150
    (((58 1072) (58 1070 1071)
      (2 25 26 27 50 51 52 54 58 63 73 75 83 99 100 105 125) (3 559) (6 5)
      (28 18 60 118) (165 1 3 5 6 7 11 12 13 14 15 17 18)) "DISK_THM"
     "cheat")
    ("%44%10B193%23%44%10B141$0@%40%0%16$2$1$0B74B76$3U132B124%44$0B190%6$0$2B121%44$0B190B88|U55B79B88|U55|U56|U62B88|U64B88"))
   (151
    (((58 1073) (58 1054 1072) (2 25 52 54 58 63 75 83 100 105 125 183)
      (44 787 788) (6 5) (165 1 3 5 6 7 11 13 14 15 17 18)) "DISK_THM"
     "cheat")
    ("%44%10B193%34%44%10B142$0@%44$0U163B190%6$0$1U161B121%44$0B190B88|U55B79B88|U69B88"))
   (152
    (((58 1074) (58 1054 1070 1071)
      (2 25 52 54 58 63 75 83 99 100 105 125 183) (6 5)
      (165 1 3 5 6 7 11 12 13 14 15 17 18)) "DISK_THM" "cheat")
    ("%44%10B193%40%0%16%44%10B142$2$1$0B74B76@%170$0%106B127$1B151B153$2B149B88|U55|U56|U62B88"))
   (153
    (((58 1075) (58 1074) (2 25 26 27 50 51 52 56 58 63 105 125) (3 559)
      (28 18 60 118)) "DISK_THM" "cheat")
    ("%44%10B193%40%0%16%44%10B142$2$1$0B74B76@$0U170$2B149B88|U55|U56|U62B88"))
   (154
    (((58 1076) (58 1074) (2 25 26 27 50 51 52 58 63 105 125) (3 559)
      (28 18 60 118)) "DISK_THM" "cheat")
    ("%44%10B193%40%0%16%44%10B142$2$1$0B74B76@%6$0$2B121$0U170$3B149B88|U55B88|U55|U56|U62B88"))
   (155
    (((58 1077) (58 1047 1054) (2 25 26 46 47 50 51 54 56 58 63 105 125)
      (5 138)) "DISK_THM")
    ("%44%9%13$2$0B190$0U177B79$2$1B142$0U162@B88|U55|U61|U68"))
   (156
    (((58 1084) (58 1048 1054) (2 25 26 46 47 50 51 52 54 56 58 63 105 125)
      (5 92 138) (6 4)) "DISK_THM")
    ("%44%9B142%42%2%50%49B120B74B76@%44%9B142%43%3%50B74B76@B79%44%9B142%42%43B152%2%3B151%49B74B76@B88"))
   (157
    (((58 1085) (58 1049 1054) (2 25 26 46 47 50 51 52 54 56 58 63 105 125)
      (5 92 138)) "DISK_THM")
    ("%44%9B142%40%0%16B74B76@%44%6B190%6U177B79B79%44%9B142%6%40%0%16B74B76B166@B88"))
   (158
    (((58 1086) (58 1079 1085)
      (2 2 15 25 26 27 35 50 51 52 54 55 56 58 63 99 100 105 125) (3 556)
      (44 822 825 826) (6 5) (28 3 18 60 118 143 284)
      (165 1 3 5 6 7 11 12 13 14 15 17 18 19 20 23)) "DISK_THM" "cheat")
    ("%27%34$1U113%44%9B193%50$0$2B121%44$0B190$0U177B79B88|U55%44%9B142$0@B79B79%44%9B142$1$0B158@B88B88|U69|U56"))
   (159
    (((58 1087) (58 1073) (2 25 50 52 58 63 105 125) (44 787 788))
     "DISK_THM" "cheat")
    ("%44%9B193%40%0%16%44%9B142$2$1$0B74B76@%44$0B190%6$0$2B121%44$0B190B88|U55B79B88|U55|U56|U62B88"))
   (160
    (((58 1088) (58 1082) (2 25 26 50 52 54 58 63 105 125) (44 827)
      (28 3 28 60) (165 1 3 5 6 7 11 12 13 14 15 17 18)) "DISK_THM")
    ("%44%9B142%41%0%16B74B76@%40U114%41%40B149%40U178%21%28$1$0B77%40B125%44U116$0B191B88|U70|U63B79B79B79B79%44%9B142%40%0%16B74B76@B88"))
   (161
    (((58 1089) (58 1086) (2 25 26 35 50 52 54 58 63 105 125) (44 825)
      (28 3 28 60) (165 1 3 5 6 7 11 12 13 14 15 17 18)) "DISK_THM"
     "cheat")
    ("%44%9B193%44%9B142%40%1%16B74B76@%0U113%1%0B148%6$0%0B121%44$0B190$0U177B79B88|U55B79B79B79B79%44%9B142%40%170%0B153B152%0%16B74B76@B88"))
   (162
    (((58 1090) (58 1043 1054) (2 25 26 46 47 50 51 52 54 56 58 63 105 125)
      (5 92 138)) "DISK_THM")
    ("%44%9B142%40%0%16B74B76@%44U116%28B191%28U183%40B149%39%28B77%40%0%16B74B76U175B125U196B79B79B79%44%9B142%39%28B77%40%0%16B74B76B174@B88"))
   (163
    (((58 1091) (58 1054 1066) (2 2 15 25 26 52 54 58 63 83 100)
      (165 1 3 5 6 7 11 12 13 14 15 17 18)) "DISK_THM")
    ("%40%0%16$2$1$0B74B76%9B124%21%28$1$0B77$4B125%46$0B191B88|U70|U63B88|U55|U56|U62%40%0%16%46%47%45B72B73%9B142$2$1$0B74B76@%21%28$1$0B77$4B125%46$0B191B88|U70|U63B88|U55|U56|U62B88"))))
 (incorporate (incorporate-types) incorporate-consts ("wfsigaths" . 175)
  ("wfaths" . 175) ("Pf0Drv" . 128) ("Pf0" . 81))
 (thm-classes nil (109 110 111 112)
  (113 114 115 116 117 118 119 120 121 122 123 124 125 126 127 128 129 130
   131 132 133 134 135 136 137 138 139 140 141 142 143 144 145 146 147 148
   149 150 151 152 153 154 155 156 157 158 159 160 161 162 163 164))
 (loadable-thydata
  ("userdef.deltas" (tag-knm 58 . 108) (tag-knm 58 . 109)
   (tag-knm 58 . 109) (tag-knm 58 . 110) (tag-knm 58 . 110)
   (tag-knm 58 . 111) (tag-knm 58 . 111))
  ("rule_induction.deltas" (tag-knm 58 . 119))
  ("grammardelta" (OO "Pf0" (tag-tm . "%141"))
   (OO "Pf0Drv" (tag-tm . "%142")) (OO "wfaths" (tag-tm . "%189"))
   (OO "wfsigaths" (tag-tm . "%193")))
  ("compute" (tag-knm 58 . 109) (tag-knm 58 . 110) (tag-knm 58 . 111))
  ("DefnBase.indn.deltas"
   ((tag-th ("Pf0Drv" 1092 (("pair" 28)) ("DISK_THM"))
     "%197%199%200%9$2$1B73$0b3|U61|U202|U52%198%9$1$0b2|U61|U68B88|U201")
    (tag-tm . "%189")))))
