(theory (("PfDrv" "1678424046" "100770") ("newdefs" "1678423899" "479475"))
 (core-data
  (tables
   (string-table "min" "fun" "bool" "fm" "form" "pair" "prod" "tm" "sort"
    "list" "string" "char" "num" "finite_map" "fmap" "term" "!" ","
    "arithmetic" "-" "/\\" "prim_rec" "<" "=" "==>" "?" "APPEND" "BIT1"
    "CONS" "pred_set" "DELETE" "EL" "EMPTY" "EQ" "newdefs" "EX" "FALL"
    "FDOM" "FINITE" "FLAT" "FST" "False" "IFF" "IMP" "IN" "INSERT" "LENGTH"
    "LIST_TO_SET" "PfDrv" "Leq" "NEG" "NIL" "NUMERAL" "Pf" "Req" "SND"
    "SUBSET" "UNCURRY" "UNION" "Uof" "Var" "ZERO" "\\/" "add_assum"
    "add_cont" "add_cont1" "assum" "assume" "concl" "cont" "dest_eq"
    "disch" "fVar" "fVars" "fVcong" "fVinsth" "fVslfv" "ffv" "frpl" "gen"
    "genavds" "is_EQ" "is_cont" "map2list" "combin" "o" "refl" "sfv" "slfv"
    "sort_of" "spec" "substb" "thfVars" "tsname" "vinsth" "wfabsap" "wff"
    "wffVmap" "wfs" "wfsig" "wfsigaxs" "wft" "wfvmap" "~" "Leq_def"
    "Req_def" "Pf_def" "wfsigaxs_def" "PfDrv_def" "PfDrv_double_neg"
    "PfDrv_add_cont" "PfDrv_add_cont0" "PfDrv_add_cont1" "PfDrv_undisch"
    "Pf_rules" "Pf_ind" "Pf_strongind" "Pf_cases" "Pf_AX" "Pf_fVcong"
    "Pf_fVinsth" "Pf_vinsth" "Pf_ALLI" "Pf_ALLE" "Pf_double_neg"
    "Pf_fromBot" "Pf_assume" "Pf_mp" "Pf_disch" "Pf_refl" "Pf_sym"
    "Pf_trans" "Pf_add_cont1" "Pf_cont_is_cont" "PfDrv_cont_wf"
    "Leq_Req_EQ" "wfabsap_wfs" "is_EQ_wff_Leq_Req" "wff_IFF" "wff_fVar'"
    "wff_False'" "wff_NEG" "Pf_ffv_SUBSET_wff" "Pf_wff" "PfDrv_wff"
    "PfDrv_ffv_SUBSET_cont" "PfDrv_concl_ffv_SUBSET"
    "PfDrv_assum_ffv_SUBSET" "PfDrv_assume" "PfDrv_mp" "PfDrv_disch"
    "PfDrv_add_assum" "PfDrv_wff1" "PfDrv_contrapos0" "PfDrv_contrapos"
    "fVslfv_IMP" "fVslfv_False" "wff_FALL_EX" "PfDrv_cont_SUBSET"
    "PfDrv_assum_SUBSET" "PfDrv_gen" "ffv_EX" "PfDrv_cont_wf'" "fVars_NEG"
    "fVars_frpl" "Uof_sfv_SUBSET_cont" "PfDrv_EX_E" "sat" "numeral"
    "relation" "fVinst" "ind_type" "sum")
   (id-table (0 . 1) (0 . 2) (3 . 4) (5 . 6) (7 . 8) (9 . 9) (10 . 11)
    (12 . 12) (13 . 14) (7 . 15) (2 . 16) (5 . 17) (18 . 19) (2 . 20)
    (21 . 22) (0 . 23) (0 . 24) (2 . 25) (9 . 26) (18 . 27) (9 . 28)
    (29 . 30) (9 . 31) (29 . 32) (3 . 33) (34 . 35) (3 . 36) (13 . 37)
    (29 . 38) (9 . 39) (5 . 40) (3 . 41) (34 . 42) (3 . 43) (2 . 44)
    (29 . 45) (9 . 46) (9 . 47) (48 . 49) (34 . 50) (9 . 51) (18 . 52)
    (48 . 53) (48 . 48) (48 . 54) (5 . 55) (29 . 56) (5 . 57) (29 . 58)
    (3 . 59) (7 . 60) (18 . 61) (2 . 62) (34 . 63) (34 . 64) (34 . 65)
    (34 . 66) (34 . 67) (34 . 68) (34 . 69) (3 . 70) (34 . 71) (3 . 72)
    (3 . 73) (34 . 74) (34 . 75) (3 . 76) (3 . 77) (3 . 78) (34 . 79)
    (34 . 80) (3 . 81) (7 . 82) (34 . 83) (84 . 85) (34 . 86) (7 . 87)
    (3 . 88) (7 . 89) (34 . 90) (3 . 91) (34 . 92) (3 . 93) (34 . 94)
    (7 . 95) (3 . 96) (3 . 97) (7 . 98) (3 . 99) (48 . 100) (7 . 101)
    (34 . 102) (2 . 103))
   (type-table (1) (2) (0 1 0) (4) (6) (5 4) (3 5 3) (0 6 0) (3 2 1)
    (3 7 8) (5 9) (0 10 0) (7) (0 12 10) (0 12 9) (5 3) (3 5 15) (8 16 1)
    (9) (5 18) (8 6 18) (0 5 0) (5 6) (8 5 22) (3 23 21) (3 3 22) (8 5 25)
    (3 26 24) (0 23 0) (0 28 0) (0 26 0) (0 30 0) (0 17 0) (0 32 0)
    (0 20 0) (0 34 0) (0 2 0) (0 36 0) (0 21 0) (0 38 0) (0 11 0) (0 40 0)
    (0 13 0) (0 42 0) (0 14 0) (0 44 0) (0 7 0) (0 46 0) (0 15 0) (0 48 0)
    (0 19 0) (0 50 0) (0 12 0) (0 52 0) (0 27 0) (0 54 0) (0 9 0) (0 56 0)
    (0 3 0) (0 58 0) (0 18 0) (0 60 0) (0 21 24) (0 23 62) (0 24 27)
    (0 26 64) (0 1 8) (0 2 66) (0 8 9) (0 7 68) (0 3 6) (0 5 70) (0 12 12)
    (0 12 72) (0 0 0) (0 0 74) (0 12 52) (0 1 18) (0 77 0) (0 77 78)
    (0 2 11) (0 27 80) (0 81 0) (0 81 82) (0 16 0) (0 84 0) (0 84 85)
    (0 7 46) (0 10 11) (0 15 48) (0 3 58) (0 18 60) (0 10 10) (0 10 92)
    (0 9 92) (0 1 2) (0 2 95) (0 15 3) (0 12 97) (0 19 18) (0 12 99)
    (0 18 1) (0 18 101) (0 1 1) (0 3 103) (0 17 84) (0 20 7) (5 10)
    (0 107 10) (0 27 26) (3 18 18) (0 110 18) (0 1 103) (0 1 36) (0 5 38)
    (0 9 57) (0 6 46) (0 3 59) (0 18 61) (0 2 2) (0 1 119) (0 7 7)
    (0 6 121) (0 15 12) (0 19 12) (0 10 56) (0 15 58) (0 19 60) (0 2 56)
    (0 27 128) (0 24 21) (0 27 24) (0 16 15) (0 6 3) (0 2 36) (0 6 7)
    (0 3 7) (0 5 136) (0 137 135) (0 2 119) (0 7 121) (0 2 84) (0 1 84)
    (0 142 141) (0 2 7) (0 1 7) (0 145 144) (0 84 7) (0 16 7) (0 148 147)
    (0 135 121) (0 3 18) (0 5 151) (0 9 9) (0 2 153) (0 7 153) (0 6 153)
    (0 9 2) (0 1 9) (0 9 1) (0 9 7) (0 1 110) (0 1 153) (0 19 1) (0 15 163)
    (0 5 164) (0 15 9) (0 5 166) (0 10 167) (0 17 153) (0 18 103)
    (0 12 170) (0 13 107) (0 12 172) (0 14 10) (0 12 174) (0 132 148)
    (0 15 7) (0 177 176) (0 161 77) (0 111 179) (0 133 135) (0 136 181)
    (0 18 9) (0 18 3) (0 18 153) (0 9 84) (0 18 5) (0 20 153) (0 15 50)
    (0 26 189) (0 27 2) (0 27 32) (0 26 58) (0 27 36) (0 26 60) (0 26 34)
    (0 194 0) (0 197 0) (0 24 0) (0 199 0))
   (term-table ("A" 2) ("A0" 2) ("A1" 2) ("A2" 2) ("G1" 7) ("G2" 7) ("P" 5)
    ("Pf'" 11) ("Pfs" 13) ("a" 1) ("a" 5) ("a0" 10) ("ax" 1) ("axs" 2)
    ("b" 1) ("c" 1) ("ct" 7) ("eqths" 14) ("f" 1) ("f1" 1) ("f2" 1)
    ("f\207\131" 17) ("i" 12) ("n" 5) ("n" 12) ("pf" 10) ("pf1" 10)
    ("pf2" 10) ("s" 2) ("s" 3) ("sl" 15) ("t" 18) ("t1" 18) ("t2" 18)
    ("t3" 18) ("th" 9) ("tl" 19) ("v" 18) ("vs" 7) ("v\207\131" 20) ("x" 5)
    ("\206\147" 7) ("\206\1470" 7) ("\206\1471" 7) ("\206\1472" 7)
    ("\206\163" 27) ("\206\163e" 21) ("\206\163f" 26) ("\206\163p" 23)
    ("\207\136" 1) ("\207\149" 1) (10 29) (10 31) (10 33) (10 35) (10 36)
    (10 37) (10 39) (10 41) (10 43) (10 45) (10 47) (10 38) (10 40) (10 49)
    (10 51) (10 53) (10 55) (10 57) (10 59) (10 61) (11 63) (11 65) (11 67)
    (11 69) (11 71) (12 73) (13 75) (14 76) (15 75) (15 79) (15 83) (15 86)
    (15 87) (15 88) (15 89) (15 76) (15 90) (15 91) (16 75) (17 33) (17 35)
    (17 36) (17 37) (17 43) (17 45) (17 47) (17 38) (17 40) (17 49) (17 57)
    (17 59) (17 61) (18 93) (19 72) (20 94) (21 96) (22 98) (22 100) (23 2)
    (23 7) (24 102) (25 104) (26 104) (27 105) (27 106) (28 36) (28 46)
    (29 108) (30 109) (30 111) (31 1) (32 112) (33 112) (34 113) (34 114)
    (34 115) (34 116) (34 117) (34 118) (35 120) (35 122) (36 123) (36 124)
    (37 125) (37 126) (37 127) (38 77) (39 103) (40 10) (40 15) (41 72)
    (42 81) (43 129) (44 77) (45 130) (45 131) (45 132) (45 133) (45 111)
    (46 134) (46 86) (46 87) (47 138) (48 139) (48 140) (49 143) (49 146)
    (49 149) (49 150) (50 152) (51 12) (52 75) (53 154) (54 155) (55 156)
    (56 157) (57 158) (58 159) (59 160) (60 161) (61 162) (62 165) (63 142)
    (64 168) (65 169) (66 145) (67 145) (68 171) (69 156) (70 160) (71 2)
    (72 46) (73 173) (73 175) (74 178) (74 180) (74 182) (75 183) (76 136)
    (77 177) (78 184) (79 185) (80 170) (81 186) (82 187) (83 188) (84 190)
    (85 191) (86 192) (87 193) (88 54) (89 194) (90 195) (91 196) (92 74)
    ("P" 194) ("p" 27) ("p_1" 26) ("p_2" 24) (10 198) (10 200))) exports
  (nil) (nil)
  ((104 (((48 1080))) ("%137%120%170B186B80"))
   (105 (((48 1081))) ("%144%149%170B186B80"))
   (106 (((48 1082)))
    ("%142%45%13%11%7%11%12$1$0U177%109$0B73B74%139B105B84$0$4B124B77|U92%6%30%8%17$4$2U132%161U104U141B76$1B183U118$2U132%161U104U141B76$0B184$3B174$2@%139B105B103B84$2%140B85U205%24$0$3U132B78$0u1U168U181$0u2u6$0u1$0u2U134B126$0u1U168U137U191$0$3B107B87B77B77B77B89|U66%29$0$3U135B128$9U119$0B200B89|U69B77B77B77|U95|U94|U99|U97%25%35%21$3$2$0$1B175%139B105B103B84$2u4$1$2U134B126$7$0B199$1U194$0U114B151B77B77B77B77|U90|U100|U98%25%35%39$3$2$0$1B196%139B105B103B84$2u4$1$2U134B126$7U119$0B204$1U169$0U115B152B77B77B77B77|U91|U100|U98%41%0%25%40%29%18$6$3$2$1B75$5$4$0B73B74B179%139B105B103B84$3u7$5$4$0B73B74$3U134B126$10U119$1B200$1U189$5B152$2$1B75$5$4$0B73B74U180B127U205B77B77B77B77B77|U92|U101|U97|U98|U93|U96%41%0%25%29%18%31$6$3$0$5$4$2$1B113B73B74B192%139B105B103B84$3u7$5$4$2$1B113B73B74$3U134B126$10U119$0B203$0U191$2B87B77B77B77B77|U102|U92|U101|U98|U93|U96%41%0%25%18$4$1$3$2$0B73B74%139B105B103B84$1u5$3$2$0U138%109B130B154%121B73B74$1U134B126B77B77|U92|U98|U93|U96%41%0%25%18$4$1$3$0U177B155$2$0B73B74%139B105B103B84$1u5$3$2%121B73B74$1U134B126$8$0B198B77B77B77|U92|U98|U93|U96%15$1$0U167%139B105B84$5$0B198B77|U92%43%44%2%3%26%19%27%20$8$3$1B103$7$6B155$5$4B154$0B73B74%139B105B103B84$3u9$1u9$7$5$2$0B123B73B74$3U134B126$6$4$2B73B74$1U134B126B77B77B77B77|U92|U98|U92|U98|U93|U93|U96|U96%25%35%9$3$2$0$1B171%139B105B103B84$2u4$1$2U134B126$7$0B198B77B77B77|U92|U100|U98%31$1$0U188%139B105B84$5U119$0B203$0U195$5U146U145B125B77B77|U102%41%0%25%32%33$5$2$4$3$0$1B111B73B74%139B105B103B84$2u6$4$3$1$0B111B73B74$2U134B126B77B77|U102|U102|U98|U93|U96%43%44%2%3%26%27%32%33%34$9$4$3B103$8$7B155$6$5B154$2$0B111B73B74%139B105B103B84$4u10$3u10$8$6$2$1B111B73B74$4U134B126$7$5$1$0B111B73B74$3U134B126B77B77B77B77|U102|U102|U102|U98|U98|U93|U93|U96|U96%29%25%35%23$4$2$0$3B75$1B165%139B105B103B84$2u5$1$2U134B126$8U119$3B200B77B77B77|U97|U100|U98|U101B162B162B162B162B162B162B162B162B162B162B162B162B162B162$0u1B89|U63$1u0B89|U58|||B81"))
   (107 (((48 1112) (5 17)) "DISK_THM")
    ("%47%48%46%13$3$2$1B71B72$0B202$3$2$1B71B72U201%12$0$1B124$4$3$2B71B72$0B198B89|U55B77B79|U56|U57|U51|U52"))
   (108 (((48 1113)))
    ("%45%13%35$2$1B143$0@%25$3$2B142$0@$1$0U134B126B77|U98B79|U68|U56|U67"))
   (109
    (((48 1125) (48 1093 1113) (2 25 26 46 47 50 51 52 54 56 58 63 105 125)
      (9 92 138) (5 4)) "DISK_THM")
    ("%45%13B143%41%0%18U138%109B130B154%121B73B74@%45%13B143%41%0%18B73B74@B89"))
   (110
    (((48 1124) (48 1123)
      (2 25 26 31 50 52 54 56 58 63 101 105 125 147 183) (84 20)
      (34 952 955) (29 190 298) (167 1 3 5 6 7 11 13 14 15 17 18))
     "DISK_THM")
    ("%16U117%16U182B77%23%29$1$0B75%16B127%45U119$0B200B89|U69|U62%45%13B143%35@B77%45%13B143%16%35B164@B89B89"))
   (111
    (((48 1123) (48 1122)
      (2 2 14 25 26 27 35 50 52 54 56 58 63 86 99 100 105 125 145 171)
      (84 1 3 5 20) (3 531 532 535) (34 951 953 954) (5 4 5 17)
      (29 18 118 183 284) (167 1 3 5 6 7 11 12 13 14 15 17 18)) "DISK_THM")
    ("%38$0U117%23%29$1$0B75$2B127%45U119$0B200B89|U69|U62%45%13B143%35@B77%45%13B143%23%29$1$0B75%110B131$0U189B155||U153$0B159%35B164@B89B89|U61"))
   (112
    (((48 1122) (48 1101 1113) (2 25 26 46 47 50 51 54 56 58 63)
      (9 92 138)) "DISK_THM")
    ("%45%13B143%35@%23%29%45U119$0B200%45%13B143$1$0B75%35B165@B89|U69|U62B89"))
   (113
    (((48 1121) (48 1115 1117 1119 1120) (2 25 26 50 52 54 58 63 105 125)
      (3 483) (34 886 904 905 934) (29 3 28 60 66)
      (167 1 3 5 6 7 11 12 13 14 15 17 18 19 20 23)) "DISK_THM")
    ("%45%13B202%45%13B143%41%0%19%20B123B73B74@%45%13B143%41%0%19%109B130B154%20B73B74@B89B89"))
   (114
    (((48 1083) (48 1082) (2 14 25 26 52 133 134 135 138 139)) "DISK_THM")
    ("%45%13%12$0$1B124$2$1B142$0U177%109$0B73B74%139B105@B89|U55%6%30%8%17$2%140B85U205%24$0$3U132B78$0u1U168U181$6$5B142$0u2@$0u1$0u2U134B126$0u1U168U137U191$0$3B107B87B77B77B77B89|U66%29$0$3U135B128$6U119$0B200B89|U69B77B77$5$4B142$2U132%161U104U141B76$1B183U118$2U132%161U104U141B76$0B184$3B174$2@%139B105B103@B89|U60|U59|U64|U62%25%35%21$4$3B142$2@$1$2U134B126$4$0B199$1U194$0U114B151B77B77B77$4$3B142$2$0$1B175%139B105B103@B89|U53|U68|U63%25%35%39$4$3B142$2@$1$2U134B126$4U119$0B204$1U169$0U115B152B77B77B77$4$3B142$2$0$1B196%139B105B103@B89|U54|U68|U63%41%0%25%40%29%18$7$6B142$3@$5$4$0B73B74$3U134B126$7U119$1B200$1U189$5B152$2$1B75$5$4$0B73B74U180B127U205B77B77B77B77$7$6B142$3$2$1B75$5$4$0B73B74B179%139B105B103@B89|U55|U69|U62|U63|U56|U61%41%0%25%29%18%31$7$6B142$3@$5$4$2$1B113B73B74$3U134B126$7U119$0B203$0U191$2B87B77B77B77$7$6B142$3$0$5$4$2$1B113B73B74B192%139B105B103@B89|U70|U55|U69|U63|U56|U61%41%0%25%18$5$4B142$1@$3$2$0U138%109B130B154%121B73B74$1U134B126B77$5$4B142$1$3$2$0B73B74%139B105B103@B89|U55|U63|U56|U61%41%0%25%18$5$4B142$1@$3$2%121B73B74$1U134B126$5$0B198B77B77$5$4B142$1$3$0U177B155$2$0B73B74%139B105B103@B89|U55|U63|U56|U61%15$2$0B198$2$1B142$0U167%139B105@B89|U55%43%44%2%3%26%19%27%20$9$8B142$3@$9$8B142$1@$7$5$2$0B123B73B74$3U134B126$6$4$2B73B74$1U134B126B77B77B77$9$8B142$3$1B103$7$6B155$5$4B154$0B73B74%139B105B103@B89|U55|U63|U55|U63|U56|U56|U61|U61%25%35%9$4$3B142$2@$1$2U134B126$4$0B198B77B77$4$3B142$2$0$1B171%139B105B103@B89|U55|U68|U63%31$2U119$0B203$0U195$2U146U145B125B77$2$1B142$0U188%139B105@B89|U70%41%0%25%32%33$6$5B142$2@$4$3$1$0B111B73B74$2U134B126B77$6$5B142$2$4$3$0$1B111B73B74%139B105B103@B89|U70|U70|U63|U56|U61%43%44%2%3%26%27%32%33%34$10$9B142$4@$10$9B142$3@$8$6$2$1B111B73B74$4U134B126$7$5$1$0B111B73B74$3U134B126B77B77B77$10$9B142$4$3B103$8$7B155$6$5B154$2$0B111B73B74%139B105B103@B89|U70|U70|U70|U63|U63|U56|U56|U61|U61%29%25%35%23$5$4B142$2@$1$2U134B126$5U119$3B200B77B77$5$4B142$2$0$3B75$1B165%139B105B103@B89|U62|U68|U63|U69B77B77B77B77B77B77B77B77B77B77B77B77B77B77|U56|U67"))
   (115
    (((48 1084) (48 1082) (2 14 25 26 52 133 134 135 138 139)) "DISK_THM")
    ("%45%13%7%12$0$2B124$0U177%109$0B73B74%139B105u1B89|U55%6%30%8%17$2%140B85U205%24$0$3U132B78$0u1U168U181$0u2u5$0u1$0u2U134B126$0u1U168U137U191$0$3B107B87B77B77B77B89|U66%29$0$3U135B128$7U119$0B200B89|U69B77B77$2U132%161U104U141B76$1B183U118$2U132%161U104U141B76$0B184$3B174$2@%139B105B103u4B89|U60|U59|U64|U62%25%35%21$2u3$1$2U134B126$5$0B199$1U194$0U114B151B77B77B77$2$0$1B175%139B105B103u3B89|U53|U68|U63%25%35%39$2u3$1$2U134B126$5U119$0B204$1U169$0U115B152B77B77B77$2$0$1B196%139B105B103u3B89|U54|U68|U63%41%0%25%40%29%18$3u6$5$4$0B73B74$3U134B126$8U119$1B200$1U189$5B152$2$1B75$5$4$0B73B74U180B127U205B77B77B77B77$3$2$1B75$5$4$0B73B74B179%139B105B103u6B89|U55|U69|U62|U63|U56|U61%41%0%25%29%18%31$3u6$5$4$2$1B113B73B74$3U134B126$8U119$0B203$0U191$2B87B77B77B77$3$0$5$4$2$1B113B73B74B192%139B105B103u6B89|U70|U55|U69|U63|U56|U61%41%0%25%18$1u4$3$2$0U138%109B130B154%121B73B74$1U134B126B77$1$3$2$0B73B74%139B105B103u4B89|U55|U63|U56|U61%41%0%25%18$1u4$3$2%121B73B74$1U134B126$6$0B198B77B77$1$3$0U177B155$2$0B73B74%139B105B103u4B89|U55|U63|U56|U61%15$3$0B198$0U167%139B105u1B89|U55%43%44%2%3%26%19%27%20$3u8$1u8$7$5$2$0B123B73B74$3U134B126$6$4$2B73B74$1U134B126B77B77B77$3$1B103$7$6B155$5$4B154$0B73B74%139B105B103u8B89|U55|U63|U55|U63|U56|U56|U61|U61%25%35%9$2u3$1$2U134B126$5$0B198B77B77$2$0$1B171%139B105B103u3B89|U55|U68|U63%31$3U119$0B203$0U195$3U146U145B125B77$0U188%139B105u1B89|U70%41%0%25%32%33$2u5$4$3$1$0B111B73B74$2U134B126B77$2$4$3$0$1B111B73B74%139B105B103u5B89|U70|U70|U63|U56|U61%43%44%2%3%26%27%32%33%34$4u9$3u9$8$6$2$1B111B73B74$4U134B126$7$5$1$0B111B73B74$3U134B126B77B77B77$4$3B103$8$7B155$6$5B154$2$0B111B73B74%139B105B103u9B89|U70|U70|U70|U63|U63|U56|U56|U61|U61%29%25%35%23$2u4$1$2U134B126$6U119$3B200B77B77$2$0$3B75$1B165%139B105B103u4B89|U62|U68|U63|U69B77B77B77B77B77B77B77B77B77B77B77B77B77B77%11$3$2B142$0@$0u1B89|U63B89|U58|U56|U67"))
   (116
    (((48 1085) (48 1082) (2 14 25 26 42 52 58 133 134 135 138 139))
     "DISK_THM")
    ("%45%13%7%12$0$2B124$0U177%109$0B73B74%139B105u1B89|U55%6%30%8%17$2%140B85U205%24$0$3U132B78$0u1U168U181$7$6B142$0u2@$0u2u5$0u1$0u2U134B126$0u1U168U137U191$0$3B107B87B77B77B77B77B89|U66%29$0$3U135B128$7U119$0B200B89|U69B77B77$2U132%161U104U141B76$1B183U118$2U132%161U104U141B76$0B184$3B174$2@%139B105B103u4B89|U60|U59|U64|U62%25%35%21$5$4B142$2@$2u3$1$2U134B126$5$0B199$1U194$0U114B151B77B77B77B77$2$0$1B175%139B105B103u3B89|U53|U68|U63%25%35%39$5$4B142$2@$2u3$1$2U134B126$5U119$0B204$1U169$0U115B152B77B77B77B77$2$0$1B196%139B105B103u3B89|U54|U68|U63%41%0%25%40%29%18$8$7B142$3@$3u6$5$4$0B73B74$3U134B126$8U119$1B200$1U189$5B152$2$1B75$5$4$0B73B74U180B127U205B77B77B77B77B77$3$2$1B75$5$4$0B73B74B179%139B105B103u6B89|U55|U69|U62|U63|U56|U61%41%0%25%29%18%31$8$7B142$3@$3u6$5$4$2$1B113B73B74$3U134B126$8U119$0B203$0U191$2B87B77B77B77B77$3$0$5$4$2$1B113B73B74B192%139B105B103u6B89|U70|U55|U69|U63|U56|U61%41%0%25%18$6$5B142$1@$1u4$3$2$0U138%109B130B154%121B73B74$1U134B126B77B77$1$3$2$0B73B74%139B105B103u4B89|U55|U63|U56|U61%41%0%25%18$6$5B142$1@$1u4$3$2%121B73B74$1U134B126$6$0B198B77B77B77$1$3$0U177B155$2$0B73B74%139B105B103u4B89|U55|U63|U56|U61%15$3$0B198$0U167%139B105u1B89|U55%43%44%2%3%26%19%27%20$10$9B142$3@$3u8$10$9B142$1@$1u8$7$5$2$0B123B73B74$3U134B126$6$4$2B73B74$1U134B126B77B77B77B77B77$3$1B103$7$6B155$5$4B154$0B73B74%139B105B103u8B89|U55|U63|U55|U63|U56|U56|U61|U61%25%35%9$5$4B142$2@$2u3$1$2U134B126$5$0B198B77B77B77$2$0$1B171%139B105B103u3B89|U55|U68|U63%31$3U119$0B203$0U195$3U146U145B125B77$0U188%139B105u1B89|U70%41%0%25%32%33$7$6B142$2@$2u5$4$3$1$0B111B73B74$2U134B126B77B77$2$4$3$0$1B111B73B74%139B105B103u5B89|U70|U70|U63|U56|U61%43%44%2%3%26%27%32%33%34$11$10B142$4@$4u9$11$10B142$3@$3u9$8$6$2$1B111B73B74$4U134B126$7$5$1$0B111B73B74$3U134B126B77B77B77B77B77$4$3B103$8$7B155$6$5B154$2$0B111B73B74%139B105B103u9B89|U70|U70|U70|U63|U63|U56|U56|U61|U61%29%25%35%23$6$5B142$2@$2u4$1$2U134B126$6U119$3B200B77B77B77$2$0$3B75$1B165%139B105B103u4B89|U62|U68|U63|U69B77B77B77B77B77B77B77B77B77B77B77B77B77B77%11$3$2B142$0@$0u1B89|U63B89|U58|U56|U67"))
   (117
    (((48 1086) (48 1082) (2 14 25 26 52 133 134 135 138 139)) "DISK_THM")
    ("%45%13%11$2$1B142$0@%12$1$0U177%109$0B73B74%139B105B84$0$2B124B77|U92%6%30%8%17$4$2U132%161U104U141B76$1B183U118$2U132%161U104U141B76$0B184$3B174$2@%139B105B103B84$2%140B85U205%24$0$3U132B78$0u1U168U181$7$6B142$0u2@$0u1$0u2U134B126$0u1U168U137U191$0$3B107B87B77B77B77B89|U66%29$0$3U135B128$7U119$0B200B89|U69B77B77B77|U95|U94|U99|U97%25%35%21$3$2$0$1B175%139B105B103B84$5$4B142$2@$1$2U134B126$5$0B199$1U194$0U114B151B77B77B77B77|U90|U100|U98%25%35%39$3$2$0$1B196%139B105B103B84$5$4B142$2@$1$2U134B126$5U119$0B204$1U169$0U115B152B77B77B77B77|U91|U100|U98%41%0%25%40%29%18$6$3$2$1B75$5$4$0B73B74B179%139B105B103B84$8$7B142$3@$5$4$0B73B74$3U134B126$8U119$1B200$1U189$5B152$2$1B75$5$4$0B73B74U180B127U205B77B77B77B77B77|U92|U101|U97|U98|U93|U96%41%0%25%29%18%31$6$3$0$5$4$2$1B113B73B74B192%139B105B103B84$8$7B142$3@$5$4$2$1B113B73B74$3U134B126$8U119$0B203$0U191$2B87B77B77B77B77|U102|U92|U101|U98|U93|U96%41%0%25%18$4$1$3$2$0B73B74%139B105B103B84$6$5B142$1@$3$2$0U138%109B130B154%121B73B74$1U134B126B77B77|U92|U98|U93|U96%41%0%25%18$4$1$3$0U177B155$2$0B73B74%139B105B103B84$6$5B142$1@$3$2%121B73B74$1U134B126$6$0B198B77B77B77|U92|U98|U93|U96%15$1$0U167%139B105B84$3$0B198B77|U92%43%44%2%3%26%19%27%20$8$3$1B103$7$6B155$5$4B154$0B73B74%139B105B103B84$10$9B142$3@$10$9B142$1@$7$5$2$0B123B73B74$3U134B126$6$4$2B73B74$1U134B126B77B77B77B77|U92|U98|U92|U98|U93|U93|U96|U96%25%35%9$3$2$0$1B171%139B105B103B84$5$4B142$2@$1$2U134B126$5$0B198B77B77B77|U92|U100|U98%31$1$0U188%139B105B84$3U119$0B203$0U195$3U146U145B125B77B77|U102%41%0%25%32%33$5$2$4$3$0$1B111B73B74%139B105B103B84$7$6B142$2@$4$3$1$0B111B73B74$2U134B126B77B77|U102|U102|U98|U93|U96%43%44%2%3%26%27%32%33%34$9$4$3B103$8$7B155$6$5B154$2$0B111B73B74%139B105B103B84$11$10B142$4@$11$10B142$3@$8$6$2$1B111B73B74$4U134B126$7$5$1$0B111B73B74$3U134B126B77B77B77B77|U102|U102|U102|U98|U98|U93|U93|U96|U96%29%25%35%23$4$2$0$3B75$1B165%139B105B103B84$6$5B142$2@$1$2U134B126$6U119$3B200B77B77B77|U97|U100|U98|U101B162B162B162B162B162B162B162B162B162B162B162B162B162B162B79|U63|U56|U67"))
   (118
    (((48 1087) (48 1082) (2 14 25 26 52 133 134 135 138 139)) "DISK_THM")
    ("%45%13%12$0$1B124$2$1B142$0U177%109$0B73B74%139B105@B89|U55|U56|U67"))
   (119
    (((48 1088) (48 1082) (2 14 25 26 52 133 134 135 138 139)) "DISK_THM")
    ("%45%13%6%30%8%17$2%140B85U205%24$0$3U132B78$0u1U168U181$6$5B142$0u2@$0u1$0u2U134B126$0u1U168U137U191$0$3B107B87B77B77B77B89|U66%29$0$3U135B128$6U119$0B200B89|U69B77B77$5$4B142$2U132%161U104U141B76$1B183U118$2U132%161U104U141B76$0B184$3B174$2@%139B105B103@B89|U60|U59|U64|U62|U56|U67"))
   (120
    (((48 1089) (48 1082) (2 14 25 26 52 133 134 135 138 139)) "DISK_THM")
    ("%45%13%25%35%21$4$3B142$2@$1$2U134B126$4$0B199$1U194$0U114B151B77B77B77$4$3B142$2$0$1B175%139B105B103@B89|U53|U68|U63|U56|U67"))
   (121
    (((48 1090) (48 1082) (2 14 25 26 52 133 134 135 138 139)) "DISK_THM")
    ("%45%13%25%35%39$4$3B142$2@$1$2U134B126$4U119$0B204$1U169$0U115B152B77B77B77$4$3B142$2$0$1B196%139B105B103@B89|U54|U68|U63|U56|U67"))
   (122
    (((48 1091) (48 1082) (2 14 25 26 52 133 134 135 138 139)) "DISK_THM")
    ("%45%13%41%0%25%40%29%18$7$6B142$3@$5$4$0B73B74$3U134B126$7U119$1B200$1U189$5B152$2$1B75$5$4$0B73B74U180B127U205B77B77B77B77$7$6B142$3$2$1B75$5$4$0B73B74B179%139B105B103@B89|U55|U69|U62|U63|U56|U61|U56|U67"))
   (123
    (((48 1092) (48 1082) (2 14 25 26 52 133 134 135 138 139)) "DISK_THM")
    ("%45%13%41%0%25%29%18%31$7$6B142$3@$5$4$2$1B113B73B74$3U134B126$7U119$0B203$0U191$2B87B77B77B77$7$6B142$3$0$5$4$2$1B113B73B74B192%139B105B103@B89|U70|U55|U69|U63|U56|U61|U56|U67"))
   (124
    (((48 1093) (48 1082) (2 14 25 26 52 133 134 135 138 139)) "DISK_THM")
    ("%45%13%41%0%25%18$5$4B142$1@$3$2$0U138%109B130B154%121B73B74$1U134B126B77$5$4B142$1$3$2$0B73B74%139B105B103@B89|U55|U63|U56|U61|U56|U67"))
   (125
    (((48 1094) (48 1082) (2 14 25 26 52 133 134 135 138 139)) "DISK_THM")
    ("%45%13%41%0%25%18$5$4B142$1@$3$2%121B73B74$1U134B126$5$0B198B77B77$5$4B142$1$3$0U177B155$2$0B73B74%139B105B103@B89|U55|U63|U56|U61|U56|U67"))
   (126
    (((48 1095) (48 1082) (2 14 25 26 52 133 134 135 138 139)) "DISK_THM")
    ("%45%13%15$2$0B198$2$1B142$0U167%139B105@B89|U55|U56|U67"))
   (127
    (((48 1096) (48 1082) (2 14 25 26 52 133 134 135 138 139)) "DISK_THM")
    ("%45%13%43%44%2%3%26%19%27%20$9$8B142$3@$9$8B142$1@$7$5$2$0B123B73B74$3U134B126$6$4$2B73B74$1U134B126B77B77B77$9$8B142$3$1B103$7$6B155$5$4B154$0B73B74%139B105B103@B89|U55|U63|U55|U63|U56|U56|U61|U61|U56|U67"))
   (128
    (((48 1097) (48 1082) (2 14 25 26 52 133 134 135 138 139)) "DISK_THM")
    ("%45%13%25%35%9$4$3B142$2@$1$2U134B126$4$0B198B77B77$4$3B142$2$0$1B171%139B105B103@B89|U55|U68|U63|U56|U67"))
   (129
    (((48 1098) (48 1082) (2 14 25 26 52 133 134 135 138 139)) "DISK_THM")
    ("%45%13%31$2U119$0B203$0U195$2U146U145B125B77$2$1B142$0U188%139B105@B89|U70|U56|U67"))
   (130
    (((48 1099) (48 1082) (2 14 25 26 52 133 134 135 138 139)) "DISK_THM")
    ("%45%13%41%0%25%32%33$6$5B142$2@$4$3$1$0B111B73B74$2U134B126B77$6$5B142$2$4$3$0$1B111B73B74%139B105B103@B89|U70|U70|U63|U56|U61|U56|U67"))
   (131
    (((48 1100) (48 1082) (2 14 25 26 52 133 134 135 138 139)) "DISK_THM")
    ("%45%13%43%44%2%3%26%27%32%33%34$10$9B142$4@$10$9B142$3@$8$6$2$1B111B73B74$4U134B126$7$5$1$0B111B73B74$3U134B126B77B77B77$10$9B142$4$3B103$8$7B155$6$5B154$2$0B111B73B74%139B105B103@B89|U70|U70|U70|U63|U63|U56|U56|U61|U61|U56|U67"))
   (132
    (((48 1101) (48 1082) (2 14 25 26 52 133 134 135 138 139)) "DISK_THM")
    ("%45%13%29%25%35%23$5$4B142$2@$1$2U134B126$5U119$3B200B77B77$5$4B142$2$0$3B75$1B165%139B105B103@B89|U62|U68|U63|U69|U56|U67"))
   (133
    (((48 1102) (48 1085) (18 25 26 49 62 81 103 190 191 195 198 296)
      (2 15 25 26 27 35 42 51 52 54 56 58 63 74 75 93 95 96 101 104 105 125
       145 147 183) (84 20) (3 470 490 491 520 616) (9 92 94 104 138)
      (34 903 919 920 921 929 930 933 934 935 939 940 945 949 962 1019)
      (168 3 8) (5 3 4 5 51) (29 6 73) (169 120 139)
      (167 1 3 5 6 7 11 12 13 14 15 17 18 19 20 23) (7 42 83 94))
     "DISK_THM")
    ("%25%45%13B142$0@%41%0%18$2$1$0B73B74$3U134B126$2U182B89|U55|U56|U61B89|U63"))
   (134
    (((48 1103) (48 1085) (18 25 26 49 62 81 103 190 191 195 198 296)
      (2 15 25 26 27 35 42 46 47 51 52 54 58 63 73 74 75 83 84 93 95 96 101
       104 105 125 147 171) (84 20) (3 470 491 518 563 654)
      (9 92 94 104 138)
      (34 903 919 920 921 929 930 933 934 935 939 940 945 962 966 1025)
      (168 3 8) (5 3 4 5 8 9 51) (29 3 6 18 60 73 118 143 377)
      (169 120 139) (167 1 3 5 6 7 11 12 13 14 15 17 18 19 20 23) (7 314))
     "DISK_THM")
    ("%12$0%13B124%47%48%46B71B72$0B198B89|U55%25%47%48%46B71B72%13B142$0@%41%0%18$2$1$0B73B74$3U134B126%23%29$1$0B75$4B127%47$0B200B89|U69|U62B89|U55|U56|U61B89|U63B89"))
   (135
    (((48 1104) (48 1080 1081) (2 15 25 50 54 56 58 105 130 149 166)
      (84 8 20) (3 470 499 501) (9 6) (168 3 7) (5 8 9) (169 120 139)
      (10 3)) "DISK_THM") ("%32%33B111U137%32B88%32%33B111U144%33B88B77"))
   (136
    (((48 1105) (18 23 25 26 27 28 40 49 62 81 103 191 456)
      (2 2 14 15 25 26 27 35 50 52 54 55 56 58 63 75 83 95 99 101 104 105
       125) (84 20) (9 6 7 18 24 52 55 126 138 146 194) (168 3 8)
      (5 7 9 17 51) (29 3 18 19 28) (21 1 6 7 43) (169 126 128 134 139)
      (167 1 3 5 6 7 11 12 13 14 15 17 18 19 20 23)
      (7 131 156 173 175 176 254 262)) "DISK_THM")
    ("%36%30%29$0$1U135B128%47$0B200B89|U69%31$0$2U136B129%47$0B203B89|U70$1U133$0U132B86%24$0$1U132B78$0$2B108U191$0$1B107B87B89|U66B77B77B77%47$0B197$1@B89|U64|U65"))
   (137
    (((48 1106) (48 1104) (2 25 56 58 63 105 125) (3 500 543) (5 5))
     "DISK_THM")
    ("%45U201%18U181%45%18B198B77B77%18U137U191%18U144U191B87B89"))
   (138
    (((48 1107) (2 26 27 47 50 63) (3 509) (34 886 912 914 916) (5 5))
     "DISK_THM") ("%45%19%20B122B198%45%19B198%45%20B198B77B79"))
   (139
    (((48 1108) (2 25 52 54 58 63 105 125) (3 513) (5 5 8)
      (167 1 3 5 6 7 11 13 14 15 17 18)) "DISK_THM")
    ("%6%30%36%45U119$1B197$0@%45$2$1B172$0@B198B89|U65|U64|U62"))
   (140 (((48 1109) (2 25 63) (3 509) (5 5)) "DISK_THM") ("%45%121B198"))
   (141 (((48 1110) (48 1109) (2 25 50 56 63) (34 886 912)) "DISK_THM")
    ("%45%18U138B198%45%18B198B79"))
   (142
    (((48 1111) (48 1080 1081 1085 1103 1104 1105 1106 1107 1108 1110)
      (18 25 26 28 44 49 62 65 75 81 103 190 191 194 195 198 215 296)
      (2 2 14 15 25 26 27 35 42 46 47 50 51 52 54 55 56 58 63 72 73 74 75
       83 84 93 95 96 99 100 101 104 105 125 133 134 139 145 147 171 183)
      (84 8 20) (170 745 747 752 759)
      (3 470 483 490 491 495 496 498 499 500 504 525 531 532 534 535 536
       542 543 547 548 551 567 572) (9 24 55 69 76 92 94 102 104 138 194)
      (34 886 903 904 905 907 910 911 918 919 920 921 928 929 930 933 934
       935 939 940 945 956 957 960 962 963 964 965 966 1014 1015 1019 1024
       1040) (168 3 5 8) (5 3 4 5 8 9 51)
      (29 3 6 18 28 31 33 60 63 65 66 68 73 118 143 152 190 377)
      (169 120 139) (167 1 3 5 6 7 11 12 13 14 15 17 18 19 20 23)
      (7 42 125 156)) "DISK_THM")
    ("%47%48%46B71B72U201%12$0%13B124%47%48%46B71B72$0B198B89|U55B77%25%47%48%46B71B72%13B142$0@%41%0%18$2$1$0B73B74$3U134B126%177$0%109B130$1B154B157$2B152%47%48%46B71B72$0B198%9$0$2B124%47%48%46B71B72$0B198B89|U55B77B77B89|U55|U56|U61B89|U63B89"))
   (143
    (((48 1114) (48 1111 1112)
      (2 2 15 25 26 27 50 51 52 54 58 63 73 75 83 99 100 105 125) (3 536)
      (5 5) (29 18 60 118) (167 1 3 5 6 7 11 12 13 14 15 17 18))
     "DISK_THM")
    ("%45%13B202%25%45%13B142$0@%41%0%18$2$1$0B73B74$3U134B126%45$0B198%9$0$2B124%45$0B198B89|U55B77B89|U55|U56|U61B89|U63B89"))
   (144
    (((48 1115) (48 1113 1114) (2 25 52 54 58 63 75 83 100 105 125 183)
      (34 904 905) (5 5) (167 1 3 5 6 7 11 13 14 15 17 18)) "DISK_THM")
    ("%45%13B202%35%45%13B143$0@%45$0U168B198%9$0$1U166B124%45$0B198B89|U55B77B89|U68B89"))
   (145
    (((48 1116) (48 1111 1112 1113)
      (2 2 15 25 26 52 54 58 63 75 83 84 99 100 105 125 183) (5 5)
      (167 1 3 5 6 7 11 12 13 14 15 17 18)) "DISK_THM")
    ("%45%13B202%41%0%18%45%13B143$2$1$0B73B74@%177$0%109B130$1B154B157$2B152B89|U55|U56|U61B89"))
   (146
    (((48 1117) (48 1116) (2 25 26 27 50 51 52 56 58 63 105 125) (3 536)
      (29 18 60 118)) "DISK_THM")
    ("%45%13B202%41%0%18%45%13B143$2$1$0B73B74@$0U177$2B152B89|U55|U56|U61B89"))
   (147
    (((48 1118) (48 1116) (2 25 26 27 50 51 52 58 63 105 125) (3 536)
      (29 18 60 118)) "DISK_THM")
    ("%45%13B202%41%0%18%45%13B143$2$1$0B73B74@%9$0$2B124$0U177$3B152B89|U55B89|U55|U56|U61B89"))
   (148
    (((48 1119) (48 1095 1113) (2 25 26 46 47 51 52 54 56 58 63 105 125)
      (9 138)) "DISK_THM")
    ("%45%13%15$2$0B198$2$1B143$0U167@B89|U55|U56|U67"))
   (149
    (((48 1126) (48 1096 1113) (2 25 26 46 47 50 51 52 54 56 58 63 105 125)
      (9 92 138) (5 4)) "DISK_THM")
    ("%45%13B143%43%2%50%49B123B73B74@%45%13B143%44%3%50B73B74@B77%45%13B143%43%44B155%2%3B154%49B73B74@B89"))
   (150
    (((48 1127) (48 1097 1113) (2 25 26 46 47 50 51 52 54 56 58 63 105 125)
      (9 92 138)) "DISK_THM")
    ("%45%13B143%41%0%18B73B74@%45%9B198B77%45%13B143%9%41%0%18B73B74B171@B89"))
   (151
    (((48 1128) (48 1121 1127)
      (2 2 15 25 26 27 35 50 51 52 54 55 58 63 99 100 105 125) (3 533)
      (34 939 942 943) (5 5) (29 3 18 60 118 143 284)
      (167 1 3 5 6 7 11 12 13 14 15 17 18 19 20 23)) "DISK_THM")
    ("%28%35$1U116%45%13B202%50$0$2B124%45$0B198B89|U55%45%13B143$0@B77B77%45%13B143$1$0B163@B89B89|U68|U56"))
   (152
    (((48 1129) (48 1115) (2 25 50 52 58 63 105 125) (34 904 905))
     "DISK_THM")
    ("%45%13B202%41%0%18%45%13B143$2$1$0B73B74@%45$0B198%9$0$2B124%45$0B198B89|U55B77B89|U55|U56|U61B89"))
   (153
    (((48 1130) (48 1110 1117 1119 1121 1126 1127 1129)
      (2 25 26 27 47 50 51 52 54 58 63 100) (3 483)
      (34 886 912 934 939 959) (29 3 18 28 60 62 66 68 118 143)
      (167 1 3 5 6 7 11 12 13 14 15 17 18)) "DISK_THM")
    ("%45%13B202%45%13B143%43%2%50%49B123B73B74@B77%45%13B143%43%2%50B106%49U138B106%49U138%50U138B123B73B74@B89"))
   (154
    (((48 1131) (48 1110 1117 1128 1129 1130)
      (2 14 25 26 27 29 30 47 50 51 52 54 56 58 63 101 105 125 133 134 139
       147 186) (3 459 460 461 462 463 464 465 466 467 468 469 483 531 532)
      (171 33 34) (34 886 942 959) (5 4 8 9)
      (29 3 18 28 60 66 118 143 289 296)
      (167 1 3 5 6 7 11 12 13 14 15 17 18 19 20 23)) "DISK_THM")
    ("%45%13B202%45%13B143%43%2%50%49B123B73B74@B77%45%13B143%43%2%49U138%50U138B123B73B74@B89"))
   (155 (((48 1132) (2 25 56) (3 489 494 531)) "DISK_THM")
    ("%19%20B123U176%19U176%20U176B155B83"))
   (156 (((48 1133) (2 25 56) (3 489 494 535)) "DISK_THM")
    ("%121U176%110B83"))
   (157
    (((48 1134) (48 1109 1132 1133) (18 23 26)
      (2 14 25 26 27 30 35 46 50 51 52 54 56 58 63 105 106 125 133 134 139
       186)
      (3 459 460 461 462 463 464 465 466 467 468 469 483 484 485 486 552)
      (171 33 34) (34 886 912 917) (5 3 5 8 9) (29 6 18 60 68 377)
      (167 1 3 5 6 7 11 13 14 15 17 18)) "DISK_THM")
    ("%45%29%14B113B198%45%29%14B112B198B79"))
   (158
    (((48 1135) (48 1124) (2 25 26 50 52 54 58 63 105 125) (34 944)
      (29 3 28 60) (167 1 3 5 6 7 11 12 13 14 15 17 18)) "DISK_THM")
    ("%45%13B143%42%0%18B73B74@%41U117%42%41B152%41U182%23%29$1$0B75%41B127%45U119$0B200B89|U69|U62B77B77B77B77%45%13B143%41%0%18B73B74@B89"))
   (159
    (((48 1136) (48 1128) (2 25 26 50 52 54 63) (34 942) (29 3 28 60)
      (167 1 3 5 6 7 11 12 13 14 15 17 18)) "DISK_THM")
    ("%45%13B202%45%13B143%41%1%18B73B74@%0U116%1%0B150%9$0%0B124%45$0B198B89|U55B77B77B77B77%45%13B143%41%177%0B157B155%0%18B73B74@B89"))
   (160
    (((48 1137) (48 1091 1113) (2 25 26 46 47 50 51 52 54 56 58 63 105 125)
      (9 92 138)) "DISK_THM")
    ("%45%13B143%41%0%18B73B74@%45U119%29B200%29U189%41B152%40%29B75%41%0%18B73B74U180B127U205B77B77B77%45%13B143%40%29B75%41%0%18B73B74B179@B89"))
   (161 (((48 1138) (2 25 56) (3 482) (34 917 959)) "DISK_THM")
    ("%29%14B112U177%29U189%14U177B155B83"))
   (162
    (((48 1139) (48 1103 1113) (2 2 15 25 26 52 54 63 100)
      (167 1 3 5 6 7 11 12 13 14 15 17 18)) "DISK_THM")
    ("%12$0%13B124%47%48%46B71B72$0B198B89|U55%41%0%18%47%48%46B71B72%13B143$2$1$0B73B74@%23%29$1$0B75$4B127%47$0B200B89|U69|U62B89|U55|U56|U61B89"))
   (163
    (((48 1140) (2 14 25 26 35 50 52 56 63 133 134 139)
      (3 459 460 461 462 463 464 465 466 467 468 469 489) (34 912) (5 4)
      (29 63 68 181)) "DISK_THM") ("%18$0U138U173$0U173B82|U55"))
   (164
    (((48 1141) (2 14 25 26 35 50 52 56 63 133 134 139)
      (3 459 460 461 462 463 464 465 466 467 468 469 489 554) (5 4)
      (29 181)) "DISK_THM") ("%18%22$0%37B178$1@U173$1U173B82|U66|U55"))
   (165
    (((48 1142) (2 2 15 25 26 52 54 58 63 75 84 99 105 125) (84 8) (3 536)
      (5 5 9) (167 1 3 5 6 7 11 12 13 14 15 17 18) (7 82)) "DISK_THM")
    ("%16$0U182%189%148B187$0B159$0B152B89|U61"))
   (166
    (((48 1143)
      (48 1110 1112 1117 1118 1121 1124 1125 1126 1127 1128 1129 1131 1134
       1137 1138 1139 1140 1141 1142) (18 25 26 28 49 62 81 103 191)
      (2 2 14 15 25 26 27 29 30 35 46 47 50 51 52 54 55 56 58 60 63 72 73
       74 75 76 77 78 80 84 96 99 100 101 104 105 106 125 133 134 139 145
       147 186) (84 8 20)
      (3 459 460 461 462 463 464 465 466 467 468 469 484 485 486 494 531
       532 539 542 552 567 572 584) (171 33 34 37 38 39 40)
      (9 7 52 124 169 175 599)
      (34 903 904 905 907 912 917 933 939 942 944 959) (168 3 5 8)
      (5 4 5 8 9 17 51) (29 3 18 28 60 62 66 118 143 296) (21 44 45)
      (169 114 126 134 139) (167 1 3 5 6 7 11 12 13 14 15 17 18 19 20 23)
      (172 12 20 21 63)
      (7 1 3 5 6 7 8 9 10 11 12 13 14 15 16 17 18 19 20 21 42 50 83 88 150
       151 152 247)) "DISK_THM")
    ("%45%13B202%45%13B143%4%2%29%14B112B73B74@%10%29B75%14U177B127U205%10%29B75%5B127U205%10%29B160%14B193%3B124U205%45%13B143%5%10%29B75%110B131B155%3%10%29B160%14B193%109B130B154%18B73B74@%10%29B75%189%148B187%5B159B127U205%10%29B75%177%3%18%109B130B154B157B127U205%10%29B75%190%147B185%173%3%18%109B130B154B156B158B127U205B77B77B77B77B77B77B77B77%45%13B143%4%5B155%2%3B154%18B73B74@B89"))))
 (incorporate (incorporate-types) incorporate-consts ("wfsigaxs" . 194)
  ("Req" . 77) ("PfDrv" . 129) ("Pf" . 81) ("Leq" . 77))
 (thm-classes nil (105 106 107 108 109)
  (110 111 112 113 114 115 116 117 118 119 120 121 122 123 124 125 126 127
   128 129 130 131 132 133 134 135 136 137 138 139 140 141 142 143 144 145
   146 147 148 149 150 151 152 153 154 155 156 157 158 159 160 161 162 163
   164 165 166 167))
 (loadable-thydata
  ("userdef.deltas" (tag-knm 48 . 104) (tag-knm 48 . 104)
   (tag-knm 48 . 105) (tag-knm 48 . 105) (tag-knm 48 . 106)
   (tag-knm 48 . 107) (tag-knm 48 . 107) (tag-knm 48 . 108)
   (tag-knm 48 . 108)) ("rule_induction.deltas" (tag-knm 48 . 116))
  ("grammardelta" (OO "Leq" (tag-tm . "%137")) (OO "Req" (tag-tm . "%144"))
   (OO "Pf" (tag-tm . "%142")) (OO "wfsigaxs" (tag-tm . "%202"))
   (OO "PfDrv" (tag-tm . "%143")))
  ("compute" (tag-knm 48 . 104) (tag-knm 48 . 105) (tag-knm 48 . 107)
   (tag-knm 48 . 108))
  ("DefnBase.indn.deltas"
   ((tag-th ("PfDrv" 1144 (("pair" 28)) ("DISK_THM"))
     "%206%208%209%13$2$1B72$0b3|U56|U211|U52%207%13$1$0b2|U56|U67B89|U210")
    (tag-tm . "%202")))))
