(theory (("rename" "1673484686" "292944") ("fsytx" "1673484321" "468986"))
 (core-data
  (tables
   (string-table "min" "fun" "bool" "pair" "prod" "syntax" "sort" "list"
    "string" "char" "num" "finite_map" "fmap" "term" "fsytx" "form" "!" ","
    "/\\" "=" "==>" "?" "pred_set" "BIGUNION" "Bound" "COND" "DELETE"
    "EMPTY" "FALL" "FALLL" "FAPPLY" "FDOM" "FINITE" "FMAP_MAP" "FUN_FMAP"
    "False" "Fn" "GSPEC" "IMAGE" "IMP" "IN" "INSERT" "LIST_TO_SET" "MAP"
    "Pred" "SND" "SUBSET" "St" "UNCURRY" "UNION" "Var" "abssl" "cstt"
    "fVar" "fVar_subst" "fabs" "ffv" "finst" "fprpl" "freefVars" "frename"
    "fsymin" "fsymout" "rename" "gcont" "is_cont" "isfsym" "mk_FALL"
    "combin" "o" "rnmap" "sabs" "sbounds" "sfv" "sinst" "slprpl" "sprpl"
    "srename" "tabs" "tfv" "tinst" "tprpl" "trename" "wfcod" "wff" "wfs"
    "wft" "~" "rnmap_def" "gcont_def" "trename_alt" "FDOM_rnmap"
    "FAPPLY_rnmap" "trename_tinst" "no_subrename" "cstt_rnmap"
    "BIGUNION_is_cont" "trename_tinst_tfv" "FAPPLY_rnmap_SUBSET"
    "wfcod_rnmap_SUBSET" "wfcod_rnmap_BIGUNION" "FINITE_lemma"
    "wft_trename0" "frename_alt" "frename_finst" "frename_finst_ffv"
    "gcont_is_cont" "gcont_of_cont" "gcont_FINITE" "gcont_EMPTY"
    "gcont_UNION" "gcont_SING" "wfcod_rnmap_tfv" "wft_trename"
    "wfcod_rnmap_gcont" "wfcod_rnmap_cont" "wfcod_rnmap_ffv"
    "FINITE_BIGUNION_tfv" "wff_frename" "mk_FALL_rename_eq" "frename_fix"
    "ffv_fabs_SUBSET" "IN_tfv_trename" "trename_back"
    "tprpl_FMAP_MAP_tabs_IN" "slprpl_FMAP_MAP_abssl_IN"
    "fprpl_FMAP_MAP_fabs_IN" "fVar_subst_fabs" "NOTIN_trename"
    "NOTIN_frename" "frename_FALLL" "ffv_FALLL"
    "BIGUNION_IMAGE_sbounds_tfv" "BIGUNION_IMAGE_sbounds_ffv"
    "fresh_name_ex" "wff_fVar_subst" "arithmetic" "ind_type" "numeral"
    "prim_rec" "relation" "sat" "sum" "rich_list")
   (id-table (0 . 1) (0 . 2) (3 . 4) (5 . 6) (7 . 7) (8 . 9) (10 . 10)
    (11 . 12) (5 . 13) (14 . 15) (2 . 16) (3 . 17) (2 . 18) (0 . 19)
    (0 . 20) (2 . 21) (22 . 23) (5 . 24) (2 . 25) (22 . 26) (22 . 27)
    (14 . 28) (14 . 29) (11 . 30) (11 . 31) (22 . 32) (5 . 33) (11 . 34)
    (14 . 35) (5 . 36) (22 . 37) (22 . 38) (14 . 39) (2 . 40) (22 . 41)
    (7 . 42) (7 . 43) (14 . 44) (3 . 45) (22 . 46) (5 . 47) (3 . 48)
    (22 . 49) (5 . 50) (5 . 51) (5 . 52) (14 . 53) (14 . 54) (14 . 55)
    (14 . 56) (14 . 57) (14 . 58) (14 . 59) (14 . 60) (5 . 61) (5 . 62)
    (63 . 64) (5 . 65) (5 . 66) (14 . 67) (68 . 69) (63 . 70) (5 . 71)
    (5 . 72) (5 . 73) (5 . 74) (5 . 75) (5 . 76) (14 . 77) (5 . 78)
    (5 . 79) (5 . 80) (5 . 81) (14 . 82) (5 . 83) (14 . 84) (5 . 85)
    (5 . 86) (2 . 87))
   (type-table (1) (3) (5) (4 2) (2 3 1) (0 4 0) (6) (8) (7 6 7) (9) "'a"
    "'b" (0 11 10) (4 11) (4 1) (0 5 0) (4 7) (4 4) (2 1 17) (7 3 18)
    (7 3 17) (0 10 0) (0 21 0) (0 11 0) (0 23 0) (0 8 0) (0 25 0) (0 9 0)
    (0 27 0) (0 15 0) (0 3 0) (0 30 0) (0 14 0) (0 32 0) (0 6 0) (0 34 0)
    (0 1 0) (0 36 0) (0 7 0) (0 38 0) (2 10 0) (0 0 40) (0 10 41) (2 19 20)
    (0 20 43) (0 19 44) (2 5 0) (0 0 46) (0 5 47) (2 3 14) (0 14 49)
    (0 3 50) (2 14 9) (2 3 52) (0 52 53) (0 3 54) (0 1 4) (0 3 56) (0 9 52)
    (0 14 58) (0 0 0) (0 0 60) (7 4 7) (0 62 0) (0 62 63) (0 9 27)
    (0 34 35) (0 5 15) (0 3 30) (0 14 32) (0 1 36) (0 7 38) (0 35 34)
    (0 15 5) (0 6 7) (0 7 7) (0 7 75) (0 0 76) (0 4 5) (0 5 78) (0 9 9)
    (0 1 80) (0 14 80) (0 8 74) (0 4 7) (0 62 84) (0 8 34) (0 62 5) (0 8 8)
    (0 75 88) (0 5 62) (0 84 90) (0 16 7) (0 1 92) (0 3 93) (0 11 40)
    (0 95 21) (0 4 46) (0 97 15) (0 1 46) (0 99 15) (0 7 46) (0 101 15)
    (0 5 35) (0 4 34) (0 104 103) (0 9 80) (0 11 24) (0 5 29) (0 6 35)
    (0 49 0) (0 110 0) (0 49 111) (0 4 15) (0 1 37) (0 7 39) (0 5 5)
    (0 4 116) (0 13 23) (0 17 5) (0 14 36) (0 16 38) (0 14 14) (0 1 1)
    (0 123 122) (0 16 16) (0 75 125) (0 16 9) (0 3 127) (0 4 1) (0 16 1)
    (0 3 130) (0 3 99) (0 132 97) (0 1 7) (0 3 134) (0 135 84) (0 5 116)
    (0 6 122) (0 4 138) (0 14 127) (0 3 140) (0 53 80) (0 6 80) (0 4 143)
    (0 9 5) (0 62 80) (0 8 80) (0 9 110) (0 3 80) (0 4 149) (0 3 17)
    (0 19 151) (0 3 1) (0 19 153) (0 19 30) (0 3 81) (0 129 104) (0 1 34)
    (0 158 157) (0 3 90) (0 4 160) (0 6 123) (0 4 162) (0 1 5) (0 62 123)
    (0 8 122) (0 8 123) (0 3 123) (0 4 168) (0 6 75) (0 4 170) (0 7 5)
    (0 62 75) (0 8 75) (0 3 75) (0 4 175) (0 19 63) (0 43 27) (0 19 36)
    (0 19 38) (0 3 15) (0 4 181) (0 182 0) (0 183 0))
   (term-table ("A" 5) ("B" 5) ("P" 3) ("b" 6) ("bmap" 8) ("ct" 5) ("f" 9)
    ("f" 12) ("f" 3) ("f1" 9) ("f2" 9) ("fm" 9) ("fsym" 3) ("i" 6) ("l" 13)
    ("n" 3) ("n0" 3) ("n1" 3) ("nn" 3) ("p" 3) ("s" 5) ("s" 1) ("s0" 1)
    ("s1" 1) ("sl" 14) ("sn" 3) ("ss" 10) ("ss" 11) ("ss" 15) ("ss" 5)
    ("st" 1) ("t" 11) ("t" 7) ("tl" 16) ("tm" 7) ("vs" 5) ("\206\163f" 19)
    ("\206\163p" 20) ("\207\149" 9) (10 22) (10 24) (10 26) (10 28) (10 29)
    (10 31) (10 33) (10 35) (10 37) (10 39) (11 42) (11 45) (11 48) (11 51)
    (11 55) (11 57) (11 59) (12 61) (13 64) (13 65) (13 66) (13 67) (13 68)
    (13 69) (13 70) (13 71) (14 61) (15 31) (16 72) (16 73) (17 74) (18 77)
    (19 79) (20 5) (21 81) (22 82) (23 83) (23 85) (24 86) (24 87) (25 22)
    (25 15) (26 89) (27 91) (28 9) (29 94) (30 96) (30 98) (30 100)
    (30 102) (31 105) (32 106) (33 107) (33 108) (33 109) (33 112) (33 113)
    (33 114) (33 115) (34 117) (35 118) (35 119) (35 120) (35 121) (36 124)
    (36 126) (37 128) (38 129) (39 67) (40 131) (41 133) (41 136) (42 137)
    (43 135) (44 139) (45 63) (46 141) (47 142) (48 144) (49 145) (50 146)
    (51 147) (52 148) (53 150) (54 152) (55 154) (56 116) (57 15) (58 155)
    (59 156) (60 159) (61 161) (62 163) (63 158) (64 164) (65 165) (66 166)
    (67 167) (68 169) (69 171) (70 172) (71 173) (72 174) (73 176) (74 177)
    (75 178) (76 179) (77 180) (78 60) ("P" 182) ("p" 4) ("p_1" 3)
    ("p_2" 1) (10 184) (10 15))) exports (nil) (nil)
  ((88 (((63 619) (3 17)) "DISK_THM")
    ("%15%21%18%35$3$2B54$1B130$0@%17%23$5$4B54$3B142$1$0B112@||U110$0B82B57|U43|U44|U47|U44"))
   (89 (((63 635)))
    ("%35$0U125$0%21$0U133%15$0$1B54$2B95|U66B51|U87U68B111B60|U43"))
   (90
    (((63 618) (136 25 26 28 49 62 81 103 191)
      (2 14 15 25 26 27 29 30 35 46 47 50 51 52 54 55 56 58 60 63 64 72 76
       77 78 80 92 95 96 101 104 105 125 130 133 134 139 186) (68 20)
      (14 577 578 589) (137 33 34 37 38 39 40)
      (7 7 25 27 52 124 169 172 599) (138 3 5 8) (3 4 5 8 9 17 51)
      (22 18 118) (139 44 45) (140 114 126 134 139)
      (141 1 3 5 6 7 11 12 13 14 15 17 18 19 20 23) (142 12 20 21 63)
      (5 1 3 5 6 7 8 9 10 11 12 13 14 15 16 17 18 19 20 21 43 44 45 255))
     "DISK_THM")
    ("%15%21B54%18B142%16%22B112@%16%15B61%22%21B63B56%18%21B112B70%16%15%21B54%18B137%22@B112@B64%15%21B54%18B142%8%30B84%33@2%8%15%21B54%18B137%30@B84%15%21B54%18B142%33B104@B64%15%21B54%18B142%13U69@%13U69B64%15%21B54%18B137%25%33B108@%25%15%21B54%18B142%33B104B108B63B56B56B56"))
   (91 (((63 620) (2 25 52 56 58 63 105 125) (11 131) (63 619)) "DISK_THM")
    ("%35$0U80%15%21B54%18B130$0@U78$0B60B65|U43"))
   (92
    (((63 621) (2 25 50 52 56 58 63 105 125) (11 131) (3 17) (63 619))
     "DISK_THM")
    ("%35%17%23$2U80$1$0B54$2B95B56%15%21B54%18B130$2@$1$0B54B76%15%21B54%18B142$1$0B112@B64B65|U47|U44|U43"))
   (93
    (((63 622) (136 25 26 28 49 62 81 103 191)
      (2 14 15 25 26 30 35 46 47 50 52 54 55 56 58 60 63 72 76 77 78 80 84
       95 101 104 105 125 130 133 134 139 149 186) (68 20)
      (137 33 34 37 38 39 40) (7 7 52 73 124 169 172 599) (138 3 5 8)
      (3 3 5 8 9 17 51) (22 6 28 39 66 135 377) (139 44 45)
      (140 114 126 134 139) (63 618 620 621)
      (141 1 3 5 6 7 11 12 13 14 15 17 18) (142 12 20 21 63)
      (5 1 3 5 6 7 8 9 10 11 12 13 14 15 16 17 18 19 20 21 41 42 43 44 45))
     "DISK_THM")
    ("%34%15%21%18%35$0U80$4U139$0B107B56$3$2B54$1B142$4@$3$2B54$1B130$0@$4B140B64B65|U43|U44|U47|U44|U48%30%15%21%18%35$0U80$4U133$0B107B56$3$2B54$1B137$4@$3$2B54$1B130$0@$4B134B63B65|U43|U44|U47|U44|U47B56"))
   (94
    (((63 623) (2 25 26 27 51 52 54 58 63 73 74 75 95 96 101) (14 588)
      (3 4) (22 18 60 118) (141 1 3 5 6 7 11 12 13 14 15 17 18 19 20 23)
      (5 42 80 88)) "DISK_THM")
    ("%16%22$1$0B54%21U133B95%15%21B54%18B142$1$0B112@$1$0B112B64B65|U47|U44"))
   (95
    (((63 624)
      (2 14 15 25 26 27 29 30 35 50 52 54 56 58 60 63 95 96 101 105 125 130
       133 134 139 149 171 186) (137 33 34 37 38 39 40) (7 52 599) (3 8 9)
      (22 73) (63 618 620 621 622 623) (141 1 3 5 6 7 11 13 14 15 17 18)
      (142 20 21) (5 1 3 5 6 7 8 9 10 11 12 13 14 15 16 17 50 73 75 82))
     "DISK_THM") ("%35$0U80$0U126B56%15%21B54%18B130$0@U114B65|U43"))
   (96
    (((63 625) (2 2 15 25 26 52 54 58 63 75 83 84 99 105 125) (22 28 377)
      (141 1 3 5 6 7 11 12 13 14 15 17 18) (5 82)) "DISK_THM")
    ("%20$0%28B92$0U126B65|U43%28U68U126B65"))
   (97 (((63 626) (2 25 50 63) (22 33) (63 622) (5 254)) "DISK_THM")
    ("%34%15%21B54%18B142$0@%15%21B54%18B130$0U139@$0B140B64|U48%30%15%21B54%18B137$0@%15%21B54%18B130$0U133@$0B134B63|U47B56"))
   (98
    (((63 627) (2 25 26 50 52 54 56 63 105) (22 28 291) (63 621)
      (141 1 3 5 6 7 11 12 13 15 17 18)) "DISK_THM")
    ("%35U80%29%35B107B56%17%23$1$0B54%29B95%15%21B54%18B130%29@$1$0B54B76%15%21B54%18B130%35@$1$0B54B76B64B65|U47|U44B65"))
   (99
    (((63 628) (2 2 15 25 26 50 52 54 58 63 75 84 99 105 125 171)
      (22 28 291) (63 620 627)
      (141 1 3 5 6 7 11 12 13 14 15 17 18 19 20 23) (5 154)) "DISK_THM")
    ("%35U80%36%15%21B54%18B130%35@B143B56%29$0%35B107%36%15%21B54%18B130$0@B143B65|U43B65"))
   (100
    (((63 629) (2 25 26 35 50 52 54 58 63 105 125 171) (22 28 377 391)
      (63 620 627) (141 1 3 5 6 7 11 12 13 15 17 18) (5 154)) "DISK_THM")
    ("%35$0%28B92%36%15%21B54%18B130$0@B143B65|U43%28U68U80B56%36%15%21B54%18B130%28U68@B143B65"))
   (101
    (((63 630) (2 25 26 35 52 56 58 63 105 125) (7 277) (3 3)
      (22 3 6 190 298 534)) "DISK_THM") ("%31$0U7$0%14U99B91B49|U85U79"))
   (102
    (((63 631) (136 25 26 28 49 62 81 103 191)
      (2 2 14 15 25 26 27 29 30 35 46 47 50 51 52 54 55 56 58 60 63 72 73
       74 75 76 77 78 80 83 84 95 96 99 100 101 104 105 125 130 133 134 139
       149 171 186) (68 20) (137 33 34 37 38 39 40)
      (7 7 52 82 102 124 169 175 277 599) (138 3 5 8) (3 3 4 5 8 9 17 51)
      (22 3 6 18 33 60 65 66 118 190 282 289 296 298 377 391 534)
      (139 44 45) (140 114 126 134 139)
      (63 618 620 621 622 624 625 629 630)
      (141 1 3 5 6 7 11 12 13 14 15 17 18 19 20 23) (142 12 20 21 63)
      (5 1 3 5 6 7 8 9 10 11 12 13 14 15 16 17 18 19 20 21 41 42 82 83 94
       149 150 151 154 159 254 322)) "DISK_THM")
    ("%12%36$0B127%36$0B124U133%15%21$1$0B112U139$1$0B54%36$2B123U100B95B51||U109U86U68B107B65|U44%34%36$0B146%15%21%26%36$2$1B54%18B142$3@B146%36$2$1B54%18B130$3U139@B143B56|U39|U47|U44B65|U48%30%36$0B145%15%21%27%36$2$1B54%18B137$3@B145%36$2$1B54%18B130$3U133@B143B56|U40|U47|U44B65|U47B56B65"))
   (103
    (((63 632) (2 14 25 26 30 50 52 56 63 133 134 139 186)
      (14 468 469 470 471 472 473 474 475 476 477 478 513 572 577 578)
      (137 33 34) (3 8 9)) "DISK_THM")
    ("%15%21B54%18B122%83@%83B58%15%21B54%18B122%9%10B90@%15%21B54%18B122%9@%15%21B54%18B122%10@B90B58%15%21B54%18B122%19%24B115%33@2%19%15%21B54%18B137%24B103B115%15%21B54%18B142%33B104@B58%15%21B54%18B122%19%33B105@%19%15%21B54%18B142%33B104B105B58%15%21B54%18B122%30%6B73@%15%21B54%18B137%30@%15%21B54%18B122%6@B73B58B56B56B56B56"))
   (104
    (((63 633)
      (2 14 25 26 30 35 50 52 54 55 56 58 63 84 95 101 105 125 133 134 139
       186) (14 468 469 470 471 472 473 474 475 476 477 478 492 513)
      (137 33 34) (7 73) (3 3 8 9) (22 6 28 39 66 377) (63 622 632)
      (141 1 3 5 6 7 11 12 13 14 15 17 18)) "DISK_THM")
    ("%6%15%21%18%35$0U80$4U118$0B107B56$3$2B54$1B122$4@$3$2B54$1B130$0@$4B119B58B65|U43|U44|U47|U44|U42"))
   (105 (((63 634) (2 25 50 63) (14 525) (22 33) (63 633)) "DISK_THM")
    ("%15%21B54%18B122%6@%15%21B54%18B130%6U118@%6B119B58"))
   (106
    (((63 636) (2 25 26 52 54 55 58 63 73 74 75 83 84 95 101 105 125) (3 3)
      (22 6 28 60 377) (63 635) (141 1 3 5 6 7 11 12 13 14 15 17 18)
      (5 80 82)) "DISK_THM") ("%35$0U125U126|U43"))
   (107
    (((63 637) (2 25 26 52 54 58 63 75 83 105 125 145 171 183) (3 3)
      (22 3 6 28 60 377) (63 635) (141 1 3 5 6 7 11 12 13 14 15 17 18)
      (5 82)) "DISK_THM") ("%5$0U126$0U125$0B60B65|U43"))
   (108
    (((63 638) (2 25 26 27 36 50 51 52 56 58 63 105 106 125 171 183) (68 8)
      (3 3 4 7 9) (22 3 6 18 68 118 190 198 282 284 285 289 298 381 391)
      (63 635) (5 254)) "DISK_THM") ("%35$0U80$0U125U80B65|U43"))
   (109
    (((63 639) (2 25 26 27 35 36 50 54 58 63) (3 3) (22 3 6 18 68 381)
      (63 635)) "DISK_THM") ("%72U125%72B60"))
   (110
    (((63 640) (2 25 26 52 54 55 58 63 73 75 83 84 95 99 100 101 171) (3 3)
      (22 3 6 60 377) (63 635)
      (141 1 3 5 6 7 11 12 13 14 15 17 18 19 20 23)) "DISK_THM")
    ("%0%1B111U125%0U125%1U125B111B60"))
   (111
    (((63 641) (2 2 15 25 26 27 51 52 54 55 63 75 99 145) (3 3 4)
      (22 3 6 18 60 118 377) (63 635)
      (141 1 3 5 6 7 11 12 13 14 15 17 18 19 20 23) (5 42)) "DISK_THM")
    ("%15%21B54%72B98U125%15%21B112U139B60"))
   (112
    (((63 642) (2 2 14 15 25 26 35 52 54 56 58 63 73 74 75 83 99 100)
      (68 1 3 5 20) (63 631) (141 1 3 5 6 7 11 12 13 14 15 17 18))
     "DISK_THM")
    ("%12%36$0B127%36$0B124U133%15%21$1$0B112U139$1$0B54%36$2B123U100B95B51||U109U86U68B107B65|U44%34%36$0B146%15%21%26%36$2$1B54%18B130$3U139@B143|U39|U47|U44B65|U48%30%36$0B145%15%21%27%36$2$1B54%18B130$3U133@B143|U40|U47|U44B65|U47B56B65"))
   (113
    (((63 643) (2 2 14 15 25 26 35 52 54 56 58 63 73 74 75 83 99 100)
      (68 1 3 5 20) (63 631) (141 1 3 5 6 7 11 12 13 14 15 17 18))
     "DISK_THM")
    ("%12%36$0B127%36$0B124U133%15%21$1$0B112U139$1$0B54%36$2B123U100B95B51||U109U86U68B107B65|U44%34%36$0B146%15%21%26%36$2$1B54%18B142$3@B146|U39|U47|U44B65|U48%30%36$0B145%15%21%27%36$2$1B54%18B137$3@B145|U40|U47|U44B65|U47B56B65"))
   (114
    (((63 644) (136 25 26 28 49 62 81 103 191)
      (2 2 14 15 25 26 27 30 35 46 47 50 51 52 54 56 58 60 63 72 76 77 78
       80 86 99 104 105 125 133 134 139 145 171 186) (68 20)
      (137 33 34 37 38 39 40) (7 7 52 124 169 175 599) (138 3 5 8)
      (3 4 5 8 9 17 51) (22 18 68 118 183 282 284 285 296 381 387 391)
      (139 44 45) (140 114 126 134 139) (63 620 629 638 639 640 641 642)
      (141 1 3 5 6 7 11 12 13 14 15 17 18) (142 12 20 21 63)
      (5 1 3 5 6 7 8 9 10 11 12 13 14 15 16 17 18 19 20 21 42 149 150 151
       154)) "DISK_THM")
    ("%12%36$0B127%36$0B124U133%15%21$1$0B112U139$1$0B54%36$2B123U100B95B51||U109U86U68B107B65|U44%35$0U80%17%23$1$0B54$2B95%36$0B145B65|U47|U44%36%15%21B54%18B130$0U125@B143B65B65|U43B65"))
   (115
    (((63 645) (2 25 35 50 52 54 58 63 105 125) (63 637 644)
      (141 1 3 5 6 7 11 13 14 15 17 18 19 20 23) (5 42)) "DISK_THM")
    ("%12%36$0B127%36$0B124U133%15%21$1$0B112U139$1$0B54%36$2B123U100B95B51||U109U86U68B107B65|U44%35$0U80$0U126%17%23$1$0B54$2B95%36$0B145B65|U47|U44%36%15%21B54%18B130$0@B143B65B65B65|U43B65"))
   (116
    (((63 646) (2 25 35 50 52 54 58 63 83 105 125) (14 514 525 543)
      (63 645) (141 1 3 5 6 7 11 13 14 15 17 18) (5 42)) "DISK_THM")
    ("%12%36$0B127%36$0B124U133%15%21$1$0B112U139$1$0B54%36$2B123U100B95B51||U109U86U68B107B65|U44%6%36%37B50$0B144%15%21%26%36$2$1B54%18B130$3U118@B143|U39|U47|U44B65|U42B65"))
   (117
    (((63 647) (2 25 26 50 52 54 58 63 74 75 105 125) (3 3) (22 6 391)
      (63 630) (141 1 3 5 6 7 11 14 17 18 19 20 23) (5 254)) "DISK_THM")
    ("%32$0U139$0%33U102B97B51|U88U68U80"))
   (118
    (((63 648)
      (2 2 14 15 25 26 30 35 46 47 50 52 54 55 56 58 63 73 74 75 83 84 93
       95 99 100 101 105 125 133 134 139 147 186) (68 1 3 5 20)
      (14 468 469 470 471 472 473 474 475 476 477 478 492 503 506 509 510
       511 513 514 525 526 543) (137 33 34) (3 3 4 8 9)
      (22 6 33 60 65 66 289 385 391)
      (63 620 624 625 629 630 632 634 642 645 647)
      (141 1 3 5 6 7 11 12 13 14 15 17 18 19 20 23) (5 42 83 254 265 323))
     "DISK_THM")
    ("%12%36$0B127%36$0B124U133%15%21$1$0B112U139$1$0B54%36$2B123U100B95B51||U109U86U68B107B65|U44%6%36%37B50$0B144%15%21%18%36%37B50$2$1B54$0B122$3@B144|U44|U47|U44B65|U42B65"))
   (119
    (((63 649)
      (2 14 25 26 27 30 47 50 52 54 56 58 63 105 125 133 134 139 186)
      (14 468 469 470 471 472 473 474 475 476 477 478 499 500 581)
      (137 33 34) (3 8 9) (141 1 3 5 6 7 11 13 14 15 17 18)) "DISK_THM")
    ("%6%17%23$1$0B54$2U118B95%15%21B54$0U133B95U147B65|U47|U44%18%21B54$0U118B95U147B56%15%21B128$0@%18%21B128%15%21B54%18B122$0@2B58B65|U42"))
   (120
    (((63 650)
      (2 2 15 25 26 27 50 51 52 54 56 58 63 75 84 99 105 125 130 149)
      (14 514 525 565 588) (3 4) (22 18 28 60 73 118 289 296)
      (63 620 621 626 634) (141 1 3 5 6 7 11 12 13 14 15 17 18)
      (5 42 47 82 254)) "DISK_THM")
    ("%6%15%21$1$0B54$2U118B95U147$1$0B54%18B122$2@$2B58B65|U47|U44|U42"))
   (121
    (((63 651)
      (2 2 14 15 18 25 26 27 35 50 51 52 54 55 58 63 73 74 75 83 84 86 95
       99 100 101 105 125 133 134 139 145 183)
      (14 468 469 470 471 472 473 474 475 476 477 478 492 497) (7 102 194)
      (3 3 4) (22 6 7 18 28 39 60 66 143 148 377)
      (141 1 3 5 6 7 11 12 13 14 15 17 18 19 20 23) (5 243 310 312))
     "DISK_THM")
    ("%11%13%15%21%16%22$1$0B54$5U118B95$3$2B54$0U133B95U147B65|U47|U44$1$0B54$2B117$3@U118$3U118$1$0B54B71B107B65|U47|U44|U46|U42"))
   (122
    (((63 652)
      (2 25 26 27 29 35 50 51 52 54 56 58 63 74 83 105 125 130 145 149 183)
      (7 102) (3 3 4) (22 6 18 60 118 377) (63 618)
      (141 1 3 5 6 7 11 12 13 14 15 17 18) (5 41 42)) "DISK_THM")
    ("%34%15%21%18$2$1B54$3U139B95$0$1B54$2$1B54$0B142$3@U139B95B65|U44|U47|U44|U48%30%15%21%18$2$1B54$3U133B95$0$1B54$2$1B54$0B137$3@U133B95B65|U44|U47|U44|U47B56"))
   (123
    (((63 653)
      (2 14 15 25 26 27 29 30 35 50 51 52 54 55 56 58 60 63 64 72 73 74 75
       83 84 95 96 101 105 125 130 133 134 139 149 186) (68 8) (14 588)
      (137 33 34 37 38 39 40) (7 52 75 599) (3 3 4 8 9)
      (22 6 18 60 118 377) (63 618 652)
      (141 1 3 5 6 7 11 13 14 15 17 18 19 20 23) (142 20 21)
      (5 1 3 5 6 7 8 9 10 11 12 13 14 15 16 17 41 42 88 176)) "DISK_THM")
    ("%34%15%21%18$0$1B54$3U139B95U147$0$1B54$2B142$2$1B54$0B142$3@2$3B64B65|U44|U47|U44|U48%30%15%21%18$0$1B54$3U133B95U147$0$1B54$2B137$2$1B54$0B137$3@2$3B63B65|U44|U47|U44|U47B56"))
   (124
    (((63 654) (136 25 26 28 49 62 81 103 191)
      (2 2 14 15 25 26 27 29 30 35 46 47 50 51 52 54 55 56 58 60 63 64 72
       73 74 75 76 77 78 80 95 96 99 100 101 104 105 125 130 133 134 139
       145 149 171 183 186) (68 8 20) (14 588) (137 33 34 37 38 39 40)
      (7 7 52 73 75 124 169 172 599) (138 3 5 8) (3 3 4 5 8 9 17 51)
      (22 6 18 28 60 118 143 377) (139 44 45) (140 114 126 134 139)
      (63 618 652 653) (141 1 3 5 6 7 11 12 13 14 15 17 18 19 20 23)
      (142 12 20 21 63)
      (5 1 3 5 6 7 8 9 10 11 12 13 14 15 16 17 18 19 20 21 41 42 88 237 238
       239 243 325 326 327 333 334)) "DISK_THM")
    ("%34%13%15%21%18%4$1$2B54$5U139B95U147%3$0$1U77B93$2$3B54$1$0B75U139B95U147B65|U46%3%17%23$2$3U77B93$1$0B54$3$2B75U139B95B56$6$5B54$0U133B95U147B65|U47|U44|U46$3$1B61U147B56B56B56$3$2B54$4B138$0B81$5B141$1$2B54$3B142$3$2B54$4B138$0$3$2B54$1B142$5@B141@2B64B65|U41|U44|U47|U44|U46|U48%30%13%15%21%18%4$1$2B54$5U133B95U147%3$0$1U77B93$2$3B54$1$0B75U139B95U147B65|U46%3%17%23$2$3U77B93$1$0B54$3$2B75U139B95B56$6$5B54$0U133B95U147B65|U47|U44|U46$3$1B61U147B56B56B56$3$2B54$4B138$0B81$5B136$1$2B54$3B137$3$2B54$4B131$0$3$2B54$1B137$5@B136@2B63B65|U41|U44|U47|U44|U46|U47B56"))
   (125
    (((63 655) (136 27)
      (2 2 15 25 26 27 50 52 54 55 56 58 63 74 84 99 101 105 125 147 183)
      (7 69 76 126 194) (22 190) (63 654)
      (141 1 3 5 6 7 11 12 13 14 15 17 18)
      (5 310 312 345 347 348 357 358 359)) "DISK_THM")
    ("%24%13%15%21%18%4%30$0$6U101B96$2$3B54$0U133B95U147B65|U47%3$0$1U77B93$2$3B54$1$0B75U139B95U147B65|U46%3%17%23$2$3U77B93$1$0B54$3$2B75U139B95B56$6$5B54$0U133B95U147B65|U47|U44|U46$3$1B61U147B56B56B56$3$2B54$4B138$0B81$5B135$1$2B54$3B137$3$2B54$4B113$0$3$2B54$1B137$5B103B135@B103B62B65|U41|U44|U47|U44|U46|U45"))
   (126
    (((63 656) (136 27 101)
      (2 2 14 15 25 26 27 30 35 47 50 51 52 54 55 56 58 63 72 73 74 75 84
       95 96 99 100 101 105 125 133 134 139 186) (68 8)
      (14 468 469 470 471 472 473 474 475 476 477 478 492 497 528)
      (137 33 34) (7 73 75) (3 3 8 9) (22 6 18 60 190 377) (63 632 654 655)
      (141 1 3 5 6 7 11 12 13 14 15 17 18) (5 347 357 358 359)) "DISK_THM")
    ("%38%13%15%21%4%18$1B54$4U118B95U147%3$0$1U77B93%18$2B54$1$0B75U139B95U147B65|U46%3%17%23$2$3U77B93$1$0B54$3$2B75U139B95B56$5$4B54$0U133B95U147B65|U47|U44|U46$2%18B61U147B56B56B56$2$1B54$3B138$0B81$4B120%18$1B54$2B122$2$1B54$3B117$0$2$1B54%18B122$4@B120@2B58B65|U41|U47|U44|U46|U42"))
   (127
    (((63 657) (136 25 26 27 28 44 49 62 76 81 103 190 191 198 213 296)
      (2 2 14 15 25 26 27 29 30 35 42 46 47 50 51 52 54 55 56 58 63 64 72
       73 74 75 84 93 95 96 99 101 104 105 107 125 130 133 134 139 145 149
       171 183 186) (68 8 20)
      (14 468 469 470 471 472 473 474 475 476 477 478 479 480 492 497 529
       530 550 551 554 588) (137 33 34) (7 73 75 194 202 359) (138 3 8)
      (3 3 4 7 8 9 17 51) (22 6 18 28 60 118 143 347 377) (139 43)
      (140 126 128 134 139) (63 632 650 651 656) (143 129)
      (141 1 3 5 6 7 11 12 13 14 15 17 18 19 20 23)
      (5 243 330 331 352 353 356)) "DISK_THM")
    ("%6%13%17%23$1$0B54$3U118B95%15%21B54$0U133B95U147B65|U47|U44%2%24B52$1U121B94%30$0%24U101B96%15%21B54$0U133B95U147B65|U47%18%21B54%38U118B95U147%30$0%24U101B96%18%21B54$0U133B95U147B65|U47%18%21B54$1U118B95U147%18%15B61U147B56B56B56B56B56B56%2%24%38B55B53%15%21B54$0B117$1@B116%18%21B54%15B122%15%21B54$0B117%2%24%15%21B54%18B122%38@B55B53$1B116@2B58B65|U46|U42"))
   (128
    (((63 658)
      (2 2 25 26 27 29 35 50 51 52 54 56 58 63 72 73 74 75 95 96 101 105
       125 130 149) (14 588) (7 102) (3 3 4) (22 6 18 60 118 377)
      (63 618 652) (141 1 3 5 6 7 11 12 13 14 15 17 18 19 20 23)
      (5 41 42 88)) "DISK_THM")
    ("%34%18%15B61U147%15%21B54%15%21B54%18B142$0@U139B95U147B65|U48%30%18%15B61U147%15%21B54%15%21B54%18B137$0@U133B95U147B65|U47B56"))
   (129
    (((63 659)
      (2 2 14 25 26 27 35 51 52 54 58 63 72 74 75 95 96 101 105 125 133 134
       139) (14 468 469 470 471 472 473 474 475 476 477 478 492) (7 102)
      (3 3) (22 6 18 60 377) (63 632 658)
      (141 1 3 5 6 7 11 12 13 14 15 17 18 19 20 23)) "DISK_THM")
    ("%6%18%15B61U147%15%21B54%15%21B54%18B122$0@U118B95U147B65|U42"))
   (130
    (((63 661) (2 14 25 26 30 35 50 52 56 63 133 134 139 186)
      (14 468 469 470 471 472 473 474 475 476 477 478 533) (137 33 34)
      (7 25 52) (3 8 9) (63 632)) "DISK_THM")
    ("%24%38%15%21B54%18B122$1$0B74@%15%21B54%18B137$1B103%15%21B54%18B122$0@B74B58|U42|U45"))
   (131
    (((63 662)
      (2 2 14 15 25 26 27 35 36 50 52 54 55 56 58 63 74 75 84 99 100)
      (14 492 533) (7 52 138) (3 3) (22 3 6 18 60 68 377 381)
      (141 1 3 5 6 7 11 12 13 14 15 17 18 19 20 23)) "DISK_THM")
    ("%24%6$1$0B74U118%21$0U133$0$2U101B96B51|U87U68$0U118B111B60|U42|U45"))
   (132
    (((63 663)
      (2 14 25 26 27 29 35 50 52 54 55 56 58 63 64 105 106 125 145 171 183)
      (68 1 3 5 8 20 22) (14 590) (7 102) (3 3 5 9)
      (22 3 6 68 190 193 202 212 377 381 385 387) (63 618)
      (141 1 3 5 6 7 11 12 13 14 15 17 18 19 20 23) (5 41 42)) "DISK_THM")
    ("%34%132%106B129%15%21B54%18B142$0@U139B89U67%132%106B129$0U139B89U67B59|U48%30%132%106B129%15%21B54%18B137$0@U133B89U67%132%106B129$0U133B89U67B59|U47B56"))
   (133
    (((63 664)
      (2 14 25 26 35 50 52 54 55 56 58 63 74 75 105 106 125 133 134 139 145
       171 183) (68 1 3 5 8 20 22)
      (14 468 469 470 471 472 473 474 475 476 477 478 492) (7 102)
      (3 3 5 9) (22 3 6 190 193 202 377 381 385) (63 632 663)
      (141 1 3 5 6 7 11 12 13 14 15 17 18 19 20 23)) "DISK_THM")
    ("%6%132%106B129%15%21B54%18B122$0@U118B89U67%132%106B129$0U118B89U67B59|U42"))
   (134
    (((63 665) (2 25 52 54 63) (141 1 3 5 6 7 11 13 14 15 17 18) (5 165))
     "DISK_THM") ("%35$0U80%18%21$1$0B54$2B95U147|U47|U66B65|U43"))
   (135
    (((63 666) (136 25 26 27 28 44 49 62 81 103 191 198)
      (2 2 14 15 25 26 27 29 30 35 36 50 51 52 54 55 56 58 63 71 72 73 74
       75 83 84 93 95 96 99 100 101 104 105 106 107 125 130 133 134 139 145
       147 149 171 183 186) (68 1 3 5 8 20)
      (14 468 469 470 471 472 473 474 475 476 477 478 479 480 499 500 503
       506 513 525 529 530 547 551 554 555 557 558 568 569 571 572 578 588)
      (137 33 34) (138 3 8) (3 3 4 5 7 8 9 17 51)
      (22 3 6 18 19 28 60 99 118 190 200 289 377 382 391) (139 43)
      (140 126 128 134 139) (63 630 648 657 659 661 662 664 665)
      (141 1 3 5 6 7 11 12 13 14 15 17 18 19 20 23) (5 42 176 254 264))
     "DISK_THM")
    ("%12%36$0B127%36$0B124U133%15%21$1$0B112U139$1$0B54%36$2B123U100B95B51||U109U86U68B107B65|U44%6%36%37B50$0B144%2%24%38%36%37B50$1$0B74B144%36%37B50$2$1$0B55B53$3B116B144B65|U42|U45|U44B65|U42B65"))))
 (incorporate (incorporate-types) incorporate-consts ("rnmap" . 161)
  ("gcont" . 116))
 (thm-classes nil (89 90)
  (91 92 93 94 95 96 97 98 99 100 101 102 103 104 105 106 107 108 109 110
   111 112 113 114 115 116 117 118 119 120 121 122 123 124 125 126 127 128
   129 130 131 132 133 134 135 136))
 (loadable-thydata
  ("userdef.deltas" (tag-knm 63 . 88) (tag-knm 63 . 88) (tag-knm 63 . 89)
   (tag-knm 63 . 89))
  ("grammardelta" (OO "rnmap" (tag-tm . "%130"))
   (OO "gcont" (tag-tm . "%125")))
  ("compute" (tag-knm 63 . 88) (tag-knm 63 . 89))
  ("DefnBase.indn.deltas"
   ((tag-th ("rename" 667 (("pair" 28)) ("DISK_THM"))
     "%148%150%151%18%35$3$2B54$1b4$0@|U43|U44|U47|U44%149%18%35$2$1b3$0@|U43|U44|U153B65|U152")
    (tag-tm . "%130")))))
