(theory
 (("string_num" "1677207312" "135120") ("Pf0Drv" "1676879044" "28446"))
 (core-data
  (tables
   (string-table "min" "fun" "bool" "num" "string" "char" "list" "sum" "!"
    "arithmetic" "*" "+" "-" "/\\" "0" "=" "==>" "?" "@" "BIT1" "BIT2"
    "CHR" "COND" "CONS" "DIV" "combin" "I" "INL" "INR" "LET" "MOD" "NIL"
    "NUMERAL" "ODD" "ORD" "SUM_MAP" "relation" "WF" "WFREC" "ZERO"
    "string_num" "n2nsum" "n2s" "nsum2n" "s2n" "s2ssum" "ssum2s" "~"
    "n2s_def_primitive" "s2n_def" "n2nsum_def" "nsum2n_def" "s2ssum_def"
    "ssum2s_def" "n2s_ind" "n2s_def" "s2n_n2s" "n2s_s2n" "n2s_11" "s2n_11"
    "n2s_onto" "s2n_onto" "n2nsum_nsum2n" "nsum2n_n2nsum" "s2ssum_ssum2s"
    "ssum2s_s2ssum" "marker" "numeral" "prim_rec" "sat")
   (id-table (0 . 1) (0 . 2) (3 . 3) (4 . 5) (6 . 6) (7 . 7) (2 . 8)
    (9 . 10) (9 . 11) (9 . 12) (2 . 13) (3 . 14) (0 . 15) (0 . 16) (2 . 17)
    (0 . 18) (9 . 19) (9 . 20) (4 . 21) (2 . 22) (6 . 23) (9 . 24)
    (25 . 26) (7 . 27) (7 . 28) (2 . 29) (9 . 30) (6 . 31) (9 . 32)
    (9 . 33) (4 . 34) (7 . 35) (36 . 37) (36 . 38) (9 . 39) (40 . 41)
    (40 . 42) (40 . 43) (40 . 44) (40 . 45) (40 . 46) (2 . 47))
   (type-table (1) (2) (0 1 0) (0 1 2) (3) (4 4) (0 1 5) (5 1 1) (5 5 5)
    (0 4 0) (0 9 0) (0 2 0) (0 11 0) (0 5 0) (0 13 0) (0 8 0) (0 15 0)
    (0 1 1) (0 1 17) (0 0 0) (0 0 19) (0 6 0) (0 6 21) (0 5 13) (0 8 15)
    (0 7 0) (0 7 25) (0 3 0) (0 27 3) (0 1 4) (0 5 5) (0 5 30) (0 0 31)
    (0 0 18) (0 7 7) (0 7 34) (0 0 35) (0 4 30) (0 1 7) (0 30 30) (0 6 6)
    (0 4 1) (0 8 7) (0 5 1) (0 43 42) (0 43 44) (0 7 8) (0 6 46) (0 6 47)
    (0 40 6) (0 3 49) (0 7 1) (0 5 8) (0 8 5) (0 14 0) (0 25 0) (0 55 0))
   (term-table ("P" 2) ("R" 3) ("a" 1) ("c" 4) ("n" 1) ("n2s" 6) ("ns" 7)
    ("r" 1) ("r0" 1) ("s" 5) ("s0" 5) ("sm" 8) ("v" 1) ("x" 5) ("x" 1)
    ("y" 5) ("y" 1) (6 10) (6 12) (6 14) (6 11) (6 16) (7 18) (8 18) (9 18)
    (10 20) (11 1) (12 20) (12 22) (12 23) (12 3) (12 24) (12 26) (13 20)
    (14 14) (14 11) (15 28) (16 17) (17 17) (18 29) (19 32) (19 33) (19 36)
    (20 37) (21 18) (22 30) (23 38) (24 38) (25 39) (25 40) (26 18) (27 5)
    (28 17) (29 2) (30 41) (31 45) (31 48) (32 27) (33 50) (34 1) (35 38)
    (36 6) (37 51) (38 43) (39 52) (40 53) (41 19) ("P" 13) ("P" 25)
    ("h" 4) ("l" 5) ("s" 7) ("t" 5) (6 54) (6 56) (6 55))) exports (nil)
  (nil)
  ((48 (((40 1206)))
    ("%61%1$0U57%4%8%7$2%26B30U66$1$2%59U37U37U37U37U37U37U37U38U52B50B30$0$1%26B30%59U37U37U37U37U37U37U37U38U52B41$1@B30B25B25$2$0B24%59U37U37U37U37U37U37U37U38U52B44$2b3B33|U20|U20|U20B25|U36%5%2$0%26B30%51B40%8%7%10$1%59U37U52B24U39$0B43|$2$0B24%59U37U37U37U37U37U37U37U38U52B44u3B48|$0%26B30%59U37U37U37U37U37U37U37U38U52B41$0@B49|$0%59U37U37U37U37U37U37U37U38U52B50B49@U45||B58B28"))
   (49 (((40 1209) (6 599)) "DISK_THM")
    ("%51U63%26B30%3%9$1$0B43U63$0U63%59U37U37U37U37U37U37U37U38U52B22$1U54B23%59U37U52B23B30|U19|U17B25"))
   (50 (((40 1216)))
    ("%4$0U60$0U53$0%59U38U52B44U46B42$0%59U38U52B44U47@B32|U20"))
   (51 (((40 1217) (7 11)) "DISK_THM")
    ("%4$0U46U62%59U38U52$0B22%59U37U52B23B30|U20%4$0U47U62%59U38U52$0B22B30|U20B25"))
   (52 (((40 1220))) ("%9$0U64%61%61B56$0U63U60@B31|U19"))
   (53 (((40 1221))) ("%11$0U65%63%63B55$0@U62U61B29|U21"))
   (54
    (((40 1207)
      (9 25 26 44 49 62 81 103 104 129 190 191 195 198 218 256 268)
      (2 15 25 26 27 29 35 42 50 51 52 54 56 58 63 64 93 95 96 101 104 105
       107 109 124 130 147) (25 20) (66 6) (67 3 7 8) (68 43)
      (36 114 134 139) (69 1 3 5 6 7 11 12 13 15) (40 1206)) "DISK_THM")
    ("%0%4%8%7$2%26B30U66$1$2%59U37U37U37U37U37U37U37U38U52B50B30$0$1%26B30%59U37U37U37U37U37U37U37U38U52B41$1@B30B25B25$2$0B24%59U37U37U37U37U37U37U37U38U52B44u3B33|U20|U20$0u1B33|U20%12$0u1|U20B33|U18"))
   (55
    (((40 1208)
      (9 25 26 44 49 62 81 103 104 129 190 191 195 198 218 256 268)
      (2 15 25 26 27 29 35 42 50 51 52 54 56 58 63 64 93 95 96 101 104 105
       107 109 124 130 147) (25 20) (66 6) (67 3 7 8) (68 43)
      (36 114 134 139) (69 1 3 5 6 7 11 12 13 15) (40 1206)) "DISK_THM")
    ("%4$0U61$0%26B30%51B40%8%7%10$1%59U37U52B24U39$0B43|$2$0B24%59U37U37U37U37U37U37U37U38U52B44U61B48|$0%26B30%59U37U37U37U37U37U37U37U38U52B41$0@B49|$0%59U37U37U37U37U37U37U37U38U52B50B49@B29|U20"))
   (56
    (((40 1210)
      (9 23 25 26 27 28 44 49 62 65 70 77 81 83 85 86 89 92 103 104 111 122
       129 164 190 191 195 198 201 218 224 227 232 247 256 257 268 296)
      (2 8 14 15 25 26 27 29 35 42 50 51 52 54 55 56 58 63 64 83 93 95 96
       100 101 104 105 107 108 109 124 125 130 147 149)
      (25 8 12 16 17 18 20 36 37 38) (66 6 7)
      (67 0 3 5 6 7 8 9 15 16 21 32 34 35 39 40) (68 6 43) (36 114 134 139)
      (69 1 3 5 6 7 11 12 13 14 15 16 17 18 19 20 23) (4 8) (40 1206 1209))
     "DISK_THM") ("%4$0U61U63$0B30|U20"))
   (57
    (((40 1211)
      (9 23 25 26 27 28 44 49 62 70 77 79 81 83 86 89 92 103 104 107 129
       143 164 190 191 195 198 201 218 227 232 233 237 253 256 268 275 296
       421 422 423 424 430)
      (2 14 15 25 26 27 29 35 42 50 51 52 54 55 56 58 63 64 83 93 95 96 100
       101 104 105 107 109 124 130 147 149 171)
      (25 8 12 16 17 18 20 36 37 38) (6 52 606) (66 6 7)
      (67 0 3 5 6 7 8 9 15 16 17 18) (68 43) (36 114 134 139)
      (69 1 3 5 6 7 11 12 13 14 15 16 17 18 19 20 23) (4 3 6 10)
      (40 1206 1209)) "DISK_THM") ("%9U63U61%9B29"))
   (58
    (((40 1212) (2 25 26 52 54 55 63) (69 1 3 5 6 7 11 14 17 18 19 20 23)
      (40 1210)) "DISK_THM") ("%14U61%16U61B29%14%16B30B27"))
   (59
    (((40 1213) (2 25 26 52 54 55 63) (69 1 3 5 6 7 11 14 17 18 19 20 23)
      (40 1211)) "DISK_THM") ("%13U63%15U63B30%13%15B29B27"))
   (60
    (((40 1214) (2 25 26 52 54 63) (69 1 3 5 6 7 11 14 17 18 19 20 23)
      (40 1211)) "DISK_THM") ("%9%4$1$0U61B29|U35|U19"))
   (61
    (((40 1215) (2 25 26 52 54 63) (69 1 3 5 6 7 11 14 17 18 19 20 23)
      (40 1210)) "DISK_THM") ("%4%9$1$0U63B30|U34|U20"))
   (62
    (((40 1218) (9 25 83 178 179 232 247 248)
      (2 14 25 26 27 29 50 52 54 55 56 58 62 63 64 83 105 130 149)
      (67 3 7 21) (69 1 3 5 6 7 11 13 14 15 17 18 19 20 23) (40 1216 1217)
      (7 63 67)) "DISK_THM") ("%6U62U60%6B32"))
   (63
    (((40 1219) (9 25 74 83 101 142 172 183 184 232 247 248)
      (2 14 25 26 27 29 35 50 51 52 54 55 56 58 63 64 83 86 105 125)
      (67 3 7) (69 1 3 5 6 7 11 13 14 15 17 18 19 20 23) (40 1216 1217))
     "DISK_THM") ("%4U60U62%4B30"))
   (64
    (((40 1222) (2 25 56) (25 5 8) (40 1210 1211 1218 1220 1221)
      (7 26 63 67)) "DISK_THM") ("%11U65U64%11B31"))
   (65
    (((40 1223) (2 25 56 63) (25 5 8) (40 1210 1211 1219 1220 1221)
      (7 26 63 67)) "DISK_THM") ("%9U64U65%9B29"))))
 (incorporate (incorporate-types) incorporate-consts ("ssum2s" . 53)
  ("s2ssum" . 52) ("s2n" . 43) ("nsum2n" . 51) ("n2s" . 6) ("n2nsum" . 38))
 (thm-classes nil (49 50 51 52 53 54)
  (55 56 57 58 59 60 61 62 63 64 65 66))
 (loadable-thydata
  ("userdef.deltas" (tag-knm 40 . 48) (tag-knm 40 . 55) (tag-knm 40 . 49)
   (tag-knm 40 . 49) (tag-knm 40 . 50) (tag-knm 40 . 50) (tag-knm 40 . 51)
   (tag-knm 40 . 51) (tag-knm 40 . 52) (tag-knm 40 . 52) (tag-knm 40 . 53)
   (tag-knm 40 . 53))
  ("simp.deltas" (tag-knm 40 . 57) (tag-knm 40 . 56) (tag-knm 40 . 58)
   (tag-knm 40 . 59) (tag-knm 40 . 51) (tag-knm 40 . 62) (tag-knm 40 . 63)
   (tag-knm 40 . 64) (tag-knm 40 . 65))
  ("grammardelta" (OO "n2s" (tag-tm . "%61")) (OO "s2n" (tag-tm . "%63"))
   (OO "n2nsum" (tag-tm . "%60")) (OO "nsum2n" (tag-tm . "%62"))
   (OO "s2ssum" (tag-tm . "%64")) (OO "ssum2s" (tag-tm . "%65")))
  ("grammar" "string")
  ("compute" (tag-knm 40 . 55) (tag-knm 40 . 49) (tag-knm 40 . 50)
   (tag-knm 40 . 51) (tag-knm 40 . 52) (tag-knm 40 . 53))
  ("DefnBase.indn.deltas"
   ((tag-th
     ("string_num" 1224
      (("arithmetic" 25 26 44 49 62 81 103 104 129 190 191 195 198 218 256
        268)
       ("bool" 15 25 26 27 29 35 42 50 51 52 54 56 58 63 64 93 95 96 101
        104 105 107 109 124 130 147) ("combin" 20) ("marker" 6)
       ("numeral" 3 7 8) ("prim_rec" 43) ("relation" 114 134 139)
       ("sat" 1 3 5 6 7 11 12 13 15) ("string_num" 1206)) ("DISK_THM"))
     "%0%4%8%7$2%26B30U66$1$2%59U37U37U37U37U37U37U37U38U52B50B30$0$1%26B30%59U37U37U37U37U37U37U37U38U52B41$1@B30B25B25$2$0B24%59U37U37U37U37U37U37U37U38U52B44u3B33|U20|U20$0u1B33|U20%12$0u1|U20B33|U18")
    (tag-tm . "%61"))
   ((tag-th ("string_num" 1225 (("bool" 26) ("list" 52)) ("DISK_THM"))
     "%67%51u0%72%69$1u2$0$1B43u2B33|U17|U19B25%70$0u1|U19B33|U73")
    (tag-tm . "%63"))
   ((tag-th ("string_num" 1226 (("sum" 10)) ("DISK_THM"))
     "%68%14$0U46u1|U20%16$0U47u1|U20B25%71$0u1|U75B33|U74")
    (tag-tm . "%62")))))
